0.999216 0.0177057 -0.0354003 -0.0342846 -0.0142421 0.995298 0.095803 0.0178785 0.0369302 -0.0952237 0.994771 0.249816
0.996937 0.0221623 -0.0750058 0.0690613 -0.0132261 0.992972 0.117604 0.0365005 0.0770851 -0.116252 0.990224 0.0484317
0.999672 0.00766842 -0.0244232 0.0652889 -0.00637338 0.998592 0.0526684 0.0243682 0.0247927 -0.0524955 0.998313 -0.0285679
0.998107 0.0238283 -0.0566912 0.0649562 -0.0184077 0.995375 0.0942874 0.0213116 0.0586757 -0.0930654 0.99393 0.053055
0.998633 0.0147204 -0.0501468 0.0624802 -0.00972011 0.995086 0.0985354 0.0269337 0.0513508 -0.0979133 0.993869 0.0579454
0.997223 0.0301342 -0.0680977 0.0568985 -0.0229 0.994248 0.104621 0.0319708 0.0708587 -0.102771 0.992178 0.0554958
0.997286 0.0302891 -0.0671047 0.05355 -0.0232675 0.994404 0.103052 0.036347 0.0698505 -0.101211 0.99241 0.0563682
0.998578 0.0225313 -0.0483128 0.0447151 -0.0178777 0.995347 0.0946798 0.0367945 0.0502213 -0.0936814 0.994335 0.053996
0.997214 0.0250323 -0.0702741 0.0464589 -0.0175031 0.994236 0.10578 0.0363243 0.0725169 -0.104255 0.991903 0.053909
0.998026 0.0225879 -0.0586048 0.0497103 -0.0167466 0.995014 0.098315 0.0319682 0.0605333 -0.0971395 0.993428 0.0526727
0.997317 0.0284897 -0.0674293 0.0487895 -0.0215914 0.994661 0.100908 0.0349095 0.0699442 -0.099181 0.992608 0.0506732
0.997924 0.0242777 -0.0596513 0.0516711 -0.0182039 0.994787 0.100333 0.0320818 0.0617762 -0.099039 0.993164 0.0546625
0.997307 0.0233878 -0.0695163 0.0529073 -0.0159223 0.994231 0.106068 0.0346523 0.071596 -0.104676 0.991926 0.0567536
0.997286 0.0296433 -0.067388 0.050736 -0.0224445 0.9942 0.105179 0.0332805 0.070115 -0.103381 0.992167 0.0573224
0.998165 0.0201784 -0.0570996 0.0502563 -0.0143273 0.994774 0.101087 0.03081 0.058841 -0.100083 0.993238 0.0575567
0.997088 0.0236506 -0.0724937 0.051427 -0.015607 0.993856 0.109579 0.0329135 0.0746398 -0.108128 0.991331 0.0577404
0.997305 0.0307354 -0.0666224 0.0508258 -0.0237363 0.994355 0.103413 0.0322092 0.0694248 -0.101553 0.992405 0.057207
0.998204 0.018882 -0.0568586 0.0518941 -0.0130386 0.994756 0.101442 0.0308073 0.0584758 -0.100518 0.993215 0.0554346
0.997373 0.0284103 -0.0666352 0.0532877 -0.0212444 0.994152 0.105884 0.0310343 0.0692537 -0.10419 0.992143 0.0562757
0.997106 0.0283384 -0.0705489 0.0511838 -0.0207333 0.994119 0.106288 0.0312438 0.0731461 -0.104518 0.991829 0.0546738
0.99836 0.0180945 -0.0543092 0.0521675 -0.0126775 0.995058 0.0984805 0.0305114 0.0558228 -0.0976305 0.993656 0.0565945
0.997347 0.0295962 -0.0665094 0.0547106 -0.0224247 0.994103 0.106096 0.0299551 0.0692573 -0.104323 0.992129 0.0580966
0.99733 0.0302926 -0.0664478 0.0512347 -0.0232252 0.994236 0.104665 0.0304497 0.0692354 -0.102843 0.992285 0.0571812
0.998545 0.0197869 -0.0501557 0.0505186 -0.0147829 0.995052 0.0982462 0.0295041 0.0518515 -0.0973618 0.993897 0.0596714
0.99786 0.0218511 -0.0616279 0.0532747 -0.0152838 0.994345 0.105088 0.0277281 0.0635757 -0.103922 0.992551 0.0581329
0.997601 0.0267502 -0.0638495 0.0539266 -0.0201576 0.994606 0.101749 0.028318 0.0662269 -0.100218 0.992759 0.0581649
0.996991 0.0252776 -0.0732866 0.0511619 -0.0171067 0.993779 0.11005 0.0295244 0.0756125 -0.108465 0.99122 0.0591913
0.997594 0.0286894 -0.0631071 0.0505235 -0.022464 0.995008 0.0972346 0.0289354 0.0655817 -0.095583 0.993259 0.057989
0.998629 0.0198013 -0.0484488 0.0510416 -0.0150875 0.995287 0.0957935 0.0283502 0.0501172 -0.0949312 0.994221 0.0579029
0.997481 0.0289912 -0.0647442 0.0535128 -0.0222824 0.994531 0.102037 0.0305902 0.0673483 -0.100338 0.992671 0.058666
0.997067 0.0249965 -0.0723387 0.0520441 -0.0169867 0.993864 0.109295 0.0292649 0.0746269 -0.107746 0.991374 0.059595
0.997352 0.0294095 -0.0665164 0.0510873 -0.0223412 0.994262 0.104616 0.0292554 0.0692114 -0.102853 0.992286 0.059141
0.998294 0.0210307 -0.0544683 0.0501058 -0.0157984 0.995374 0.094771 0.0298401 0.0562094 -0.0937489 0.994008 0.0593787
0.997946 0.0213929 -0.0603883 0.0519867 -0.0151897 0.994733 0.101373 0.0285844 0.0622389 -0.100247 0.993014 0.0597178
0.997569 0.0278973 -0.0638545 0.0520059 -0.0212191 0.994458 0.10297 0.0294742 0.0663732 -0.101365 0.992633 0.0586793
0.997326 0.0285545 -0.0672697 0.0533793 -0.0213026 0.994121 0.106155 0.0293482 0.0699054 -0.104438 0.992072 0.0591047
0.997154 0.0282278 -0.0699025 0.0522797 -0.0206919 0.994122 0.106274 0.0299172 0.0724915 -0.104525 0.991877 0.0576294
0.997272 0.0280662 -0.0682715 0.0494424 -0.0208476 0.994334 0.104237 0.031182 0.0708102 -0.102529 0.992206 0.0575112
0.998172 0.020842 -0.0567287 0.0503624 -0.0159245 0.996185 0.0857964 0.029728 0.0583005 -0.0847362 0.994696 0.0592892
0.998344 -0.0106715 -0.0565245 0.0518634 0.0127713 0.999237 0.0369177 0.0269323 0.0560874 -0.0375785 0.997718 0.0598256
0.999362 0.0114666 -0.0338314 0.051869 -0.00593247 0.987204 0.159354 0.0265904 0.0352257 -0.159052 0.986642 0.0573491
0.995575 0.0734886 0.0585626 0.0449313 -0.0815973 0.985175 0.150901 0.0260207 -0.046605 -0.155012 0.986813 0.0600814
0.993453 0.0209639 0.112306 0.0352172 -0.0456092 0.974063 0.221631 0.0234712 -0.104747 -0.225302 0.968642 0.0591999
0.983563 0.0701864 0.166365 0.0327984 -0.117048 0.949394 0.291464 0.0112965 -0.137489 -0.306146 0.942004 0.0597572
0.968284 0.120153 0.219067 0.0268265 -0.18473 0.934625 0.303895 0.00419666 -0.168231 -0.334724 0.927177 0.0659413
0.989398 0.0845829 0.118055 0.0251413 -0.114525 0.954282 0.276098 0.00904318 -0.0893042 -0.286691 0.953852 0.0895458
0.999429 0.0072191 0.0330064 0.0215806 -0.0156414 0.964776 0.262606 0.0168876 -0.029948 -0.262973 0.964338 0.108485
0.995654 -0.054935 -0.0752027 0.0165782 0.0724299 0.96436 0.254486 0.0254001 0.0585423 -0.258827 0.964148 0.133421
0.973244 -0.1317 -0.188286 0.00941817 0.175334 0.955282 0.238105 0.0321686 0.148507 -0.264748 0.952814 0.166801
0.934897 -0.183678 -0.303695 -0.00655493 0.250555 0.947598 0.198193 0.0345661 0.251377 -0.261382 0.931928 0.202177
0.889454 -0.214865 -0.403366 -0.0188852 0.282291 0.952392 0.115154 0.0303445 0.35942 -0.216291 0.907764 0.235343
0.849955 -0.267492 -0.453899 -0.0408162 0.309169 0.950825 0.0185966 0.0161329 0.426604 -0.156138 0.890859 0.273258
0.824012 -0.201312 -0.529601 -0.0577315 0.231305 0.972831 -0.00990231 -0.0183484 0.517205 -0.11434 0.848189 0.305321
0.811477 -0.0576774 -0.581531 -0.0710624 0.0951157 0.994884 0.0340513 -0.0522962 0.576592 -0.0829446 0.812811 0.328104
0.789777 0.0467554 -0.611609 -0.0753052 0.011549 0.995781 0.0910374 -0.0722294 0.613285 -0.0789628 0.785905 0.338782
0.742051 0.197793 -0.640498 -0.0790855 -0.120893 0.979298 0.162356 -0.107323 0.659352 -0.0430448 0.750601 0.347686
0.701592 0.326179 -0.633543 -0.0890953 -0.245688 0.945294 0.214606 -0.144013 0.668884 0.00508752 0.743349 0.355254
0.654741 0.4659 -0.595191 -0.102883 -0.379257 0.88364 0.274487 -0.180145 0.653818 0.0460124 0.755251 0.361166
0.594109 0.581096 -0.556204 -0.113145 -0.470127 0.811915 0.346085 -0.218225 0.652699 0.0558741 0.755555 0.361048
0.520901 0.700764 -0.487434 -0.125379 -0.576405 0.709934 0.404662 -0.266397 0.629618 0.0701704 0.773729 0.356504
0.480435 0.77703 -0.406702 -0.138565 -0.656178 0.626147 0.421154 -0.296812 0.581905 0.0645314 0.810693 0.350375
0.424693 0.84271 -0.33087 -0.14874 -0.716486 0.536261 0.446174 -0.325948 0.553428 0.0475771 0.831537 0.343976
0.346916 0.905353 -0.244919 -0.160788 -0.777371 0.423663 0.464978 -0.36158 0.524733 0.0290841 0.85077 0.333332
0.275169 0.94594 -0.171694 -0.1763 -0.826696 0.323977 0.460014 -0.387193 0.490771 0.0153571 0.871153 0.323528
0.193344 0.977442 -0.0849975 -0.191243 -0.865548 0.210719 0.454339 -0.415003 0.462001 -0.0142741 0.886765 0.316317
0.115774 0.990578 -0.0731533 -0.213224 -0.893368 0.136037 0.428237 -0.436887 0.434154 0.0157742 0.9007 0.308151
0.0807154 0.991619 -0.100876 -0.2231 -0.887758 0.117536 0.445052 -0.448498 0.453179 0.0536305 0.889805 0.317936
0.0394429 0.995159 -0.0900181 -0.217904 -0.894926 0.0752549 0.439824 -0.461483 0.444469 0.0632115 0.893561 0.324252
0.0134082 0.997341 -0.07163 -0.20501 -0.887686 0.0448468 0.458261 -0.467486 0.460255 0.0574404 0.885927 0.330248
0.0317351 0.992691 -0.116435 -0.19159 -0.857343 0.0869168 0.507354 -0.461438 0.513766 0.0837237 0.853835 0.348498
0.0631357 0.989061 -0.133313 -0.174062 -0.853572 0.122731 0.506312 -0.458227 0.517135 0.0818257 0.851984 0.35232
0.0772696 0.988824 -0.127497 -0.161285 -0.857984 0.131085 0.496668 -0.453114 0.507831 0.0710134 0.858525 0.350877
0.0754438 0.990069 -0.118622 -0.151554 -0.854439 0.125514 0.504162 -0.454171 0.514044 0.0633196 0.855423 0.352309
0.0953277 0.988252 -0.119463 -0.140428 -0.849109 0.143362 0.508391 -0.450314 0.519544 0.0529733 0.8528 0.35491
0.0989226 0.987915 -0.119328 -0.135792 -0.858723 0.145341 0.491398 -0.451605 0.502802 0.053859 0.862722 0.355542
0.0933784 0.989137 -0.11353 -0.132642 -0.85642 0.137952 0.497507 -0.452001 0.507764 0.0507728 0.859998 0.356722
0.0894853 0.988734 -0.119989 -0.13112 -0.855617 0.13798 0.498879 -0.450793 0.509815 0.0580221 0.858325 0.355639
0.0900509 0.988311 -0.123015 -0.130827 -0.854108 0.140164 0.500853 -0.450683 0.512241 0.0599656 0.856746 0.356444
0.0853078 0.988843 -0.122114 -0.133119 -0.85433 0.135661 0.501713 -0.45003 0.512681 0.0615256 0.856372 0.356088
0.0921801 0.987982 -0.124072 -0.133225 -0.854598 0.142447 0.499371 -0.449889 0.511043 0.0599993 0.857458 0.358132
0.0869225 0.988756 -0.121681 -0.132692 -0.854715 0.136764 0.500757 -0.449333 0.511768 0.0604756 0.856993 0.357098
0.0812476 0.989196 -0.122025 -0.134131 -0.85757 0.13177 0.497202 -0.449179 0.50791 0.0642485 0.859011 0.356488
0.0918619 0.988632 -0.11903 -0.133546 -0.861407 0.138863 0.488564 -0.448463 0.499539 0.0576532 0.864371 0.355453
0.0898756 0.989427 -0.113828 -0.135395 -0.861603 0.134569 0.48942 -0.450159 0.499563 0.0540874 0.864587 0.356896
0.0906782 0.988719 -0.119216 -0.130809 -0.856287 0.138528 0.497577 -0.448973 0.508478 0.0569637 0.859189 0.357589
0.0945216 0.988228 -0.120298 -0.133079 -0.854623 0.142524 0.499307 -0.448539 0.510574 0.0556141 0.858033 0.358836
0.0949068 0.988192 -0.12029 -0.131815 -0.859406 0.142317 0.491087 -0.447454 0.502408 0.0567703 0.862765 0.356956
0.0924806 0.988668 -0.118247 -0.12917 -0.856403 0.139561 0.497089 -0.447988 0.507958 0.0552959 0.859605 0.356539
0.0899073 0.988496 -0.121626 -0.131062 -0.855566 0.13917 0.498636 -0.446867 0.509826 0.059228 0.858236 0.358002
0.0998151 0.987495 -0.12203 -0.132599 -0.857623 0.147568 0.492652 -0.447054 0.504499 0.055482 0.861628 0.358019
0.100901 0.98766 -0.119778 -0.13115 -0.85922 0.1472 0.489973 -0.447384 0.501558 0.0534764 0.863469 0.35886
0.0969774 0.988007 -0.120152 -0.1301 -0.859722 0.143981 0.490048 -0.44688 0.501471 0.0557741 0.863375 0.357054
0.0984152 0.987931 -0.119615 -0.128735 -0.855161 0.14543 0.497544 -0.445703 0.508935 0.0533239 0.859152 0.357988
0.087749 0.988595 -0.122394 -0.130975 -0.855604 0.13772 0.498974 -0.44779 0.510139 0.0609359 0.857931 0.35802
0.0901982 0.98835 -0.122593 -0.131223 -0.853591 0.140135 0.501741 -0.445242 0.513076 0.0593879 0.856287 0.359365
0.0993075 0.987426 -0.122994 -0.131298 -0.853501 0.14807 0.499611 -0.444121 0.511541 0.0553603 0.857474 0.359645
0.0985539 0.987537 -0.122714 -0.132127 -0.853436 0.147296 0.499951 -0.443825 0.511795 0.0554563 0.857316 0.359929
0.0966121 0.98759 -0.123821 -0.129341 -0.855083 0.146025 0.497504 -0.444928 0.509411 0.0578121 0.858579 0.359182
0.0997402 0.987402 -0.122835 -0.129995 -0.856565 0.148023 0.494353 -0.445708 0.506308 0.0559096 0.860538 0.357149
0.103407 0.987441 -0.119448 -0.13017 -0.861256 0.148964 0.485848 -0.444881 0.497539 0.0526347 0.865843 0.356863
0.107886 0.986682 -0.121733 -0.130395 -0.857815 0.154281 0.490256 -0.445639 0.502508 0.0515321 0.863035 0.357451
0.128535 0.981885 -0.139214 -0.126293 -0.849232 0.181473 0.495856 -0.444544 0.512137 0.0544904 0.857174 0.358603
0.214969 0.954961 -0.204545 -0.116071 -0.81998 0.290253 0.493341 -0.438387 0.530491 0.0616694 0.845444 0.364039
0.281564 0.922326 -0.264643 -0.107727 -0.781455 0.38046 0.494548 -0.429664 0.556821 0.0675594 0.827881 0.371229
0.334089 0.884958 -0.324397 -0.0981807 -0.763626 0.455884 0.457215 -0.425048 0.552504 0.0949676 0.828083 0.373111
0.320584 0.894261 -0.312287 -0.0984781 -0.771516 0.437789 0.461632 -0.425583 0.549535 0.092943 0.830285 0.371111
0.319009 0.895612 -0.310018 -0.0996802 -0.77881 0.434128 0.452756 -0.428067 0.540082 0.097012 0.836003 0.368922
0.315057 0.898926 -0.304421 -0.0978829 -0.785738 0.426958 0.447575 -0.427961 0.532311 0.0981832 0.840836 0.36815
0.300602 0.906514 -0.29643 -0.101309 -0.790906 0.410629 0.453709 -0.430046 0.533016 0.0980619 0.840403 0.367427
0.234148 0.938175 -0.254956 -0.105217 -0.810908 0.333126 0.481097 -0.43558 0.536286 0.0940979 0.838775 0.365249
0.122924 0.968511 -0.21651 -0.118539 -0.829461 0.220045 0.513395 -0.441711 0.544871 0.116478 0.830391 0.366867
0.00291724 0.980802 -0.194984 -0.137652 -0.833106 0.110232 0.542019 -0.444348 0.553106 0.160861 0.817433 0.369772
-0.124465 0.974504 -0.186682 -0.160776 -0.840654 -0.00362478 0.54156 -0.448696 0.527076 0.22434 0.819672 0.367606
-0.203278 0.963172 -0.176006 -0.173655 -0.828799 -0.0735572 0.55469 -0.446998 0.521315 0.25863 0.813229 0.367997
-0.283358 0.942736 -0.175949 -0.184136 -0.810905 -0.137579 0.568775 -0.448149 0.511997 0.303845 0.803453 0.36699
-0.380045 0.908115 -0.175762 -0.202906 -0.768054 -0.203938 0.607044 -0.445437 0.515422 0.365699 0.774987 0.370843
-0.359827 0.914866 -0.183154 -0.203508 -0.779759 -0.187075 0.597477 -0.44431 0.512348 0.357804 0.780689 0.370615
-0.395964 0.902343 -0.170267 -0.20961 -0.782288 -0.234378 0.577142 -0.446797 0.480873 0.361725 0.798697 0.36475
-0.429395 0.885314 -0.178433 -0.218967 -0.759101 -0.24677 0.602387 -0.446132 0.48927 0.39411 0.778005 0.366302
-0.401987 0.886968 -0.227364 -0.218931 -0.728504 -0.159386 0.666241 -0.438813 0.554696 0.433456 0.710231 0.379913
-0.389877 0.888678 -0.241345 -0.220393 -0.658446 -0.0858064 0.74772 -0.43195 0.643774 0.450431 0.618601 0.39482
-0.408962 0.885502 -0.220537 -0.225439 -0.556238 -0.0503051 0.829499 -0.419804 0.723429 0.461904 0.513123 0.410369
-0.465408 0.872201 -0.150538 -0.239685 -0.471358 -0.100285 0.876222 -0.406614 0.749144 0.478758 0.457793 0.418477
-0.538621 0.829476 -0.147843 -0.256088 -0.412046 -0.106268 0.904945 -0.400656 0.734919 0.548341 0.39902 0.41827
-0.585217 0.80782 -0.0703323 -0.272525 -0.32473 -0.154001 0.933185 -0.390927 0.743015 0.568955 0.352447 0.423003
-0.630582 0.774555 -0.0492972 -0.281797 -0.327152 -0.207668 0.921871 -0.397763 0.703802 0.597443 0.38435 0.415013
-0.676756 0.735519 0.0318342 -0.29035 -0.29356 -0.309256 0.904535 -0.400329 0.675148 0.602804 0.42521 0.409714
-0.727158 0.679409 0.0982041 -0.300552 -0.258479 -0.403512 0.877705 -0.392435 0.635948 0.612847 0.46903 0.401526
-0.755448 0.630728 0.177427 -0.312625 -0.209715 -0.489314 0.846517 -0.387214 0.620739 0.602291 0.501925 0.396433
-0.757048 0.600749 0.256864 -0.312831 -0.163829 -0.555126 0.815472 -0.380092 0.632486 0.57527 0.518677 0.400015
-0.76884 0.583226 0.262169 -0.311836 -0.154519 -0.567301 0.808884 -0.391429 0.620491 0.581392 0.526283 0.402777
-0.770446 0.576574 0.271983 -0.306959 -0.138861 -0.568171 0.81111 -0.391385 0.622198 0.587148 0.517809 0.403722
-0.763874 0.579927 0.283163 -0.307242 -0.146674 -0.583286 0.798914 -0.392106 0.628477 0.568737 0.530617 0.402775
-0.759851 0.58937 0.274353 -0.304758 -0.162383 -0.580709 0.797753 -0.396572 0.62949 0.561623 0.536956 0.401779
-0.762413 0.591322 0.262801 -0.304383 -0.171739 -0.576469 0.798867 -0.397058 0.623885 0.563934 0.541061 0.401404
-0.759963 0.593722 0.264481 -0.304102 -0.168301 -0.572792 0.802237 -0.39834 0.627798 0.565159 0.535224 0.401209
-0.75809 0.596871 0.262763 -0.305415 -0.175912 -0.575139 0.798918 -0.400341 0.627976 0.559429 0.541004 0.400753
-0.755541 0.598923 0.265422 -0.305159 -0.180247 -0.579579 0.794732 -0.400667 0.629817 0.552611 0.545849 0.400436
-0.754776 0.602215 0.260097 -0.303972 -0.191966 -0.581915 0.790268 -0.401614 0.627266 0.546545 0.554821 0.400071
-0.755309 0.600921 0.26154 -0.303144 -0.187823 -0.580813 0.792072 -0.399821 0.627879 0.549136 0.55156 0.400466
-0.755982 0.599372 0.263142 -0.303501 -0.183812 -0.580195 0.793465 -0.398368 0.628254 0.551477 0.548789 0.399916
-0.756676 0.599858 0.260021 -0.30553 -0.182997 -0.57614 0.796602 -0.400658 0.627657 0.555187 0.545724 0.400006
-0.751465 0.606123 0.260606 -0.303842 -0.192306 -0.579064 0.792277 -0.402118 0.631125 0.545252 0.551707 0.40135
-0.749428 0.61051 0.256192 -0.302873 -0.197407 -0.575391 0.793697 -0.401008 0.631971 0.544245 0.551733 0.400438
-0.748315 0.611328 0.257492 -0.301628 -0.19329 -0.572281 0.796953 -0.400355 0.634557 0.546601 0.54641 0.400714
-0.741966 0.620259 0.25449 -0.301509 -0.201342 -0.568212 0.79787 -0.404837 0.639491 0.540752 0.546479 0.40104
-0.743173 0.622376 0.245645 -0.302022 -0.213155 -0.56822 0.79479 -0.405431 0.634239 0.538306 0.554949 0.400416
-0.745154 0.619649 0.246538 -0.304221 -0.212641 -0.571149 0.792826 -0.405097 0.632084 0.538353 0.557357 0.400067
-0.744532 0.621975 0.242527 -0.303716 -0.217849 -0.56976 0.792411 -0.407726 0.631042 0.537141 0.559701 0.398672
-0.752336 0.613441 0.24017 -0.30294 -0.21535 -0.573545 0.790361 -0.40349 0.622588 0.542896 0.563603 0.397943
-0.751108 0.615208 0.239491 -0.30432 -0.215301 -0.571202 0.792069 -0.403642 0.624085 0.543367 0.56149 0.398874
-0.752234 0.614262 0.238382 -0.303288 -0.211785 -0.567999 0.795314 -0.403485 0.623932 0.547777 0.55736 0.399611
-0.752435 0.613507 0.23969 -0.303815 -0.209521 -0.567939 0.795956 -0.404964 0.624454 0.548685 0.55588 0.399584
-0.72733 0.655663 0.202727 -0.299931 -0.259776 -0.536441 0.802962 -0.409894 0.635223 0.531354 0.560495 0.400155
-0.681235 0.719748 0.133723 -0.288422 -0.336128 -0.469799 0.816276 -0.419848 0.650336 0.511127 0.561971 0.403166
-0.668119 0.742182 0.0527515 -0.284659 -0.404828 -0.422084 0.811147 -0.429057 0.624284 0.520588 0.582458 0.402246
-0.677658 0.733957 0.0456879 -0.288189 -0.411279 -0.429769 0.803833 -0.429581 0.609614 0.525934 0.593097 0.398884
-0.666155 0.744952 0.0358303 -0.283821 -0.426561 -0.419969 0.801044 -0.434482 0.611787 0.518336 0.597532 0.399475
-0.630781 0.775783 -0.0166101 -0.278901 -0.476582 -0.370433 0.797276 -0.436605 0.61236 0.510822 0.603387 0.399589
-0.609825 0.791795 -0.0342746 -0.273191 -0.499249 -0.350205 0.792532 -0.438679 0.61552 0.500417 0.608866 0.399143
-0.615945 0.787 -0.0352555 -0.271164 -0.495225 -0.352007 0.794257 -0.439121 0.61267 0.506678 0.606559 0.398876
-0.610313 0.791259 -0.0377787 -0.272185 -0.502777 -0.350066 0.79036 -0.442279 0.612155 0.501361 0.611477 0.398859
-0.60688 0.793857 -0.0385587 -0.270628 -0.507469 -0.349694 0.787521 -0.440857 0.611695 0.497498 0.615081 0.398146
-0.594018 0.802624 -0.0541957 -0.26973 -0.519328 -0.331157 0.787803 -0.444575 0.614362 0.496115 0.613539 0.40015
-0.555085 0.828993 -0.0681992 -0.260902 -0.5355 -0.293415 0.791926 -0.446041 0.636491 0.476107 0.606796 0.40321
-0.555944 0.831216 -0.00256297 -0.254233 -0.46965 -0.31157 0.826047 -0.44029 0.685825 0.460439 0.563596 0.411976
-0.588178 0.808285 0.0268862 -0.254994 -0.439968 -0.3477 0.827969 -0.439116 0.678583 0.475164 0.560129 0.412996
-0.648956 0.759732 0.0407772 -0.272964 -0.400568 -0.386745 0.830647 -0.43719 0.64684 0.522719 0.555304 0.409611
-0.636138 0.770685 0.0370548 -0.266386 -0.410852 -0.378993 0.829195 -0.43693 0.653092 0.512258 0.557729 0.409681
-0.624104 0.780357 0.0392138 -0.264958 -0.418815 -0.376479 0.826352 -0.436555 0.659613 0.499306 0.561787 0.409881
-0.594363 0.803998 0.0178844 -0.25863 -0.431481 -0.337585 0.836577 -0.433314 0.678644 0.489513 0.547558 0.413706
-0.537482 0.843061 -0.0190248 -0.245397 -0.415788 -0.245318 0.875751 -0.420731 0.733644 0.478611 0.482388 0.427148
-0.446865 0.894236 -0.0255811 -0.227587 -0.382415 -0.165092 0.909122 -0.404012 0.808746 0.416037 0.415743 0.442467
-0.369981 0.926884 -0.0632441 -0.210455 -0.352784 -0.0771914 0.932515 -0.385146 0.859452 0.367324 0.35555 0.455288
-0.278559 0.951513 -0.130495 -0.191887 -0.318465 0.0366747 0.947225 -0.363173 0.906082 0.305416 0.292808 0.467247
-0.180451 0.964227 -0.194177 -0.172762 -0.26466 0.142536 0.95375 -0.334596 0.947308 0.223496 0.229472 0.478435
-0.103828 0.980043 -0.169517 -0.157729 -0.151128 0.152914 0.976615 -0.301745 0.983046 0.127019 0.132235 0.486836
-0.0508205 0.970962 -0.233772 -0.14551 -0.0516641 0.231205 0.971532 -0.264449 0.997371 0.0614514 0.0384139 0.490317
-0.0367753 0.940225 -0.338561 -0.139162 0.00184426 0.338854 0.940837 -0.23665 0.999322 0.0339751 -0.0141954 0.491189
-0.0193849 0.91599 -0.400734 -0.134413 0.0794276 0.400953 0.912649 -0.200798 0.996652 -0.0141377 -0.0805272 0.489867
-0.0103407 0.885445 -0.464629 -0.133321 0.160246 0.460116 0.873278 -0.165772 0.987023 -0.0654247 -0.146647 0.487194
-0.0127792 0.841615 -0.539927 -0.137038 0.225974 0.528432 0.818349 -0.135632 0.974049 -0.111552 -0.196936 0.482712
-0.0286185 0.780306 -0.624743 -0.149864 0.221547 0.614406 0.757246 -0.0942504 0.97473 -0.116739 -0.190458 0.476131
0.0215017 0.720413 -0.693212 -0.160874 0.216739 0.673524 0.706675 -0.069009 0.975993 -0.165441 -0.14166 0.466997
0.0662043 0.703634 -0.707472 -0.166417 0.209397 0.683441 0.699329 -0.0635361 0.975587 -0.194441 -0.102092 0.460094
0.133723 0.674922 -0.725671 -0.170902 0.210908 0.696091 0.686276 -0.0633595 0.968316 -0.244821 -0.049263 0.453797
0.214946 0.644582 -0.733698 -0.16645 0.211348 0.702755 0.679314 -0.0591577 0.953483 -0.301081 0.0148232 0.443469
0.283897 0.591801 -0.754437 -0.16313 0.209536 0.729503 0.651091 -0.0489555 0.93568 -0.342924 0.0830997 0.429974
0.324629 0.537838 -0.77804 -0.166627 0.219735 0.757199 0.615114 -0.032643 0.919963 -0.370647 0.127627 0.419558
0.397059 0.521282 -0.755387 -0.151832 0.211699 0.748834 0.628037 -0.0367372 0.893044 -0.409283 0.186976 0.413925
0.491086 0.501961 -0.711948 -0.139376 0.192436 0.734584 0.650658 -0.0366049 0.84959 -0.456533 0.264149 0.403669
0.508356 0.527098 -0.680986 -0.137299 0.150851 0.724055 0.673044 -0.0419315 0.847832 -0.444873 0.288565 0.402172
0.515911 0.543913 -0.661811 -0.135078 0.135286 0.711137 0.689914 -0.0441563 0.845892 -0.445468 0.2933 0.400679
0.515093 0.557613 -0.650959 -0.133985 0.131022 0.699311 0.702707 -0.042488 0.847061 -0.447249 0.287151 0.399512
0.551481 0.549712 -0.627444 -0.127758 0.133432 0.684347 0.716844 -0.0401317 0.823447 -0.479047 0.304055 0.393105
0.554385 0.562886 -0.613039 -0.12215 0.117741 0.676142 0.727303 -0.0436143 0.82389 -0.475386 0.308568 0.393172
0.534585 0.640825 -0.550965 -0.123846 0.0644859 0.61911 0.782652 -0.0551847 0.842651 -0.453924 0.289643 0.396059
0.49853 0.717802 -0.486034 -0.126619 -0.00809611 0.564506 0.825389 -0.069237 0.866835 -0.407546 0.287235 0.400382
0.427413 0.787387 -0.444229 -0.138403 -0.0534487 0.512522 0.857009 -0.0799901 0.902475 -0.342554 0.261143 0.408858
0.33933 0.842561 -0.418267 -0.150471 -0.0877947 0.471075 0.877713 -0.0881718 0.936561 -0.261113 0.233822 0.417463
0.291936 0.851568 -0.435437 -0.156357 -0.0801575 0.475451 0.876083 -0.0952926 0.953073 -0.220857 0.207061 0.423172
0.238392 0.860809 -0.449641 -0.158569 -0.0422649 0.471747 0.88072 -0.0985468 0.970249 -0.190953 0.148843 0.430232
0.237539 0.861234 -0.449279 -0.16213 -0.0491251 0.472576 0.87992 -0.0993761 0.970135 -0.186944 0.154563 0.429985
0.234183 0.861241 -0.451023 -0.161395 -0.0324664 0.470593 0.881753 -0.0939341 0.97165 -0.191849 0.138166 0.430192
0.233226 0.863402 -0.447373 -0.16247 -0.0283279 0.465897 0.884385 -0.0918535 0.97201 -0.193588 0.133118 0.429078
0.236596 0.861952 -0.448399 -0.161874 -0.0261842 0.46699 0.883875 -0.0900653 0.971255 -0.19738 0.133058 0.42762
0.23609 0.861666 -0.449214 -0.161564 -0.0283286 0.468189 0.883174 -0.0933753 0.971318 -0.195783 0.134945 0.429656
0.238485 0.860611 -0.449971 -0.160636 -0.0311901 0.469889 0.882174 -0.0888486 0.970645 -0.196351 0.138904 0.42837
0.236755 0.862603 -0.44706 -0.161393 -0.0323414 0.466885 0.883727 -0.0903711 0.971031 -0.194768 0.138435 0.428348
0.235578 0.861262 -0.450256 -0.16262 -0.0292307 0.469365 0.88252 -0.0911616 0.971416 -0.194741 0.135747 0.428981
0.237533 0.860833 -0.450049 -0.161893 -0.0246767 0.468508 0.883115 -0.0898149 0.971066 -0.198663 0.132529 0.428002
0.234701 0.863154 -0.44708 -0.162665 -0.0291456 0.465969 0.884321 -0.0897854 0.971631 -0.194521 0.13452 0.42851
0.235102 0.862824 -0.447505 -0.161783 -0.0276175 0.466155 0.884272 -0.0895495 0.971578 -0.195535 0.133423 0.428363
0.225929 0.863354 -0.451194 -0.163321 -0.0299567 0.469109 0.882632 -0.0897999 0.973683 -0.185896 0.131849 0.428834
0.211802 0.863308 -0.458082 -0.163967 -0.0168895 0.471879 0.881502 -0.0937762 0.977167 -0.178967 0.114526 0.431923
0.227615 0.864566 -0.448014 -0.163523 -0.0259006 0.465303 0.884772 -0.0938038 0.973407 -0.189784 0.128303 0.430905
0.230676 0.861457 -0.452416 -0.163916 -0.0279159 0.470623 0.881893 -0.0899252 0.97263 -0.190802 0.13261 0.428313
0.212534 0.837293 -0.503756 -0.164489 6.34057e-05 0.515522 0.856876 -0.0896866 0.977154 -0.182147 0.109513 0.433301
0.15983 0.799482 -0.579036 -0.173546 0.0321465 0.58205 0.812517 -0.082958 0.986621 -0.148478 0.0673283 0.43681
0.106626 0.80043 -0.589866 -0.18268 0.038045 0.58953 0.80685 -0.0849566 0.993571 -0.108472 0.0324066 0.442134
0.0897785 0.805684 -0.585502 -0.185626 0.0462489 0.583869 0.810529 -0.0823436 0.994887 -0.099847 0.0151569 0.442572
0.0892475 0.808249 -0.582038 -0.185561 0.0484228 0.580158 0.813063 -0.0828383 0.994832 -0.100748 0.0126399 0.442339
0.158067 0.795431 -0.585068 -0.174206 0.0109978 0.591062 0.806552 -0.0874217 0.987367 -0.133923 0.0846791 0.43907
0.167795 0.801165 -0.574438 -0.17451 -0.0191264 0.585236 0.810637 -0.0833903 0.985636 -0.125034 0.113523 0.435408
0.194188 0.781298 -0.593182 -0.169615 -0.00452909 0.605401 0.795908 -0.0704149 0.980954 -0.151869 0.1211 0.430618
0.204559 0.772144 -0.601622 -0.169073 -0.00627795 0.615641 0.788002 -0.0723631 0.978834 -0.157416 0.130783 0.430736
0.242014 0.750619 -0.614817 -0.162787 0.00454364 0.63277 0.774326 -0.0694784 0.970262 -0.190191 0.149729 0.42796
0.232129 0.733397 -0.638941 -0.160068 -0.0604266 0.666488 0.743063 -0.0737957 0.970806 -0.133878 0.199028 0.425266
0.18452 0.746866 -0.638861 -0.170709 -0.0776583 0.65907 0.748062 -0.081383 0.979756 -0.0884192 0.179612 0.429229
0.210488 0.742127 -0.636351 -0.168285 -0.07702 0.661499 0.74598 -0.0769165 0.974558 -0.108008 0.196396 0.42644
0.234305 0.735294 -0.635959 -0.163476 -0.0708123 0.66534 0.743175 -0.0748938 0.969581 -0.129096 0.20796 0.424298
0.256499 0.726098 -0.637957 -0.160814 -0.0669209 0.671797 0.737707 -0.0770381 0.964225 -0.146529 0.220906 0.423858
0.270468 0.715523 -0.644106 -0.158235 -0.0309877 0.675166 0.737015 -0.069053 0.96223 -0.17938 0.204784 0.422266
0.309566 0.658522 -0.685943 -0.156355 0.00893635 0.719332 0.694609 -0.0610285 0.950836 -0.221157 0.216796 0.419497
0.364583 0.565318 -0.739929 -0.150673 0.0711777 0.775379 0.627472 -0.0525251 0.928447 -0.281432 0.242452 0.416546
0.411213 0.461513 -0.786072 -0.14457 0.153128 0.815128 0.558676 -0.0383688 0.898586 -0.350104 0.264521 0.410297
0.445698 0.356632 -0.821077 -0.137677 0.235748 0.838077 0.491985 -0.0250898 0.863583 -0.412844 0.289454 0.402401
0.457353 0.227934 -0.859578 -0.134665 0.312021 0.864013 0.395126 -0.0131474 0.832749 -0.448919 0.324038 0.395826
0.452632 0.170133 -0.875316 -0.132515 0.41132 0.83112 0.374239 0.0023162 0.791164 -0.529428 0.306212 0.386841
0.435839 0.0499475 -0.898638 -0.135463 0.480395 0.831424 0.279203 0.0138878 0.761095 -0.553388 0.338373 0.38045
0.396399 -0.00446335 -0.918067 -0.14033 0.553268 0.799167 0.235002 0.0312029 0.732641 -0.601092 0.319259 0.371565
0.395159 -0.0716787 -0.915812 -0.139446 0.616688 0.759603 0.206639 0.041985 0.680842 -0.646425 0.344367 0.362061
0.446765 -0.077581 -0.891281 -0.134256 0.638878 0.725064 0.257132 0.0455462 0.626288 -0.684297 0.373498 0.352836
0.443588 -0.132134 -0.886437 -0.131762 0.70198 0.666127 0.251988 0.0513076 0.557184 -0.73404 0.388241 0.342052
0.425434 -0.217266 -0.878522 -0.134484 0.770946 0.595423 0.226086 0.0611257 0.473971 -0.773477 0.420814 0.330549
0.39835 -0.268593 -0.877026 -0.138371 0.822346 0.528107 0.211779 0.0680247 0.406281 -0.805581 0.431247 0.32018
0.322553 -0.299754 -0.897835 -0.149796 0.876739 0.452135 0.164023 0.0718071 0.356776 -0.840072 0.408643 0.316878
0.197907 -0.296263 -0.934377 -0.168098 0.924383 0.373542 0.0773516 0.0799315 0.326112 -0.879031 0.347787 0.314659
0.0582721 -0.280823 -0.957989 -0.186724 0.942615 0.331497 -0.0398374 0.0832124 0.328758 -0.900693 0.284025 0.315406
-0.0928802 -0.243244 -0.965508 -0.214604 0.939412 0.299949 -0.165937 0.0890073 0.329966 -0.922422 0.200647 0.317743
-0.234062 -0.193722 -0.952726 -0.237879 0.922665 0.264611 -0.280482 0.0894309 0.306437 -0.944697 0.116806 0.318143
-0.356875 -0.16002 -0.920344 -0.263974 0.898392 0.211196 -0.385083 0.0871974 0.255994 -0.964256 0.0683899 0.313217
-0.439287 -0.0940874 -0.893406 -0.281572 0.873118 0.189318 -0.449248 0.0859366 0.211407 -0.977398 -0.00101574 0.310211
-0.516743 -0.0357667 -0.855393 -0.3029 0.841383 0.163497 -0.515115 0.0811276 0.158278 -0.985895 -0.0543922 0.305111
-0.50008 -0.0106561 -0.865913 -0.299525 0.855999 0.145286 -0.496143 0.0832172 0.131092 -0.989332 -0.0635332 0.301449
-0.429309 -0.018247 -0.902973 -0.285059 0.878121 0.225343 -0.422047 0.0892423 0.21118 -0.974109 -0.0807189 0.311532
-0.376294 0.00752058 -0.92647 -0.273901 0.883229 0.304939 -0.356256 0.0884744 0.279837 -0.952342 -0.121389 0.322141
-0.344566 0.086892 -0.934732 -0.265841 0.878192 0.381701 -0.288241 0.088609 0.331742 -0.920192 -0.207829 0.328638
-0.279453 0.033327 -0.959581 -0.258767 0.868318 0.435311 -0.237757 0.0868055 0.409793 -0.899663 -0.150588 0.336059
-0.198918 0.0484909 -0.978816 -0.246202 0.864061 0.479947 -0.151821 0.0849108 0.462418 -0.875956 -0.137369 0.340739
-0.132527 0.048686 -0.989983 -0.234546 0.828881 0.553119 -0.083759 0.0844515 0.543501 -0.831678 -0.113658 0.34828
-0.0662186 0.00732239 -0.997778 -0.221669 0.781895 0.621611 -0.0473295 0.0806335 0.619883 -0.783292 -0.0468876 0.357117
0.00924998 -0.0303016 -0.999498 -0.208283 0.73089 0.682353 -0.0139227 0.07546 0.682432 -0.730395 0.0284589 0.363978
0.0870807 -0.0509086 -0.9949 -0.18931 0.663775 0.747669 0.0198404 0.0650456 0.742845 -0.662118 0.0988994 0.371673
0.157818 -0.0799682 -0.984225 -0.175445 0.605941 0.794842 0.0325806 0.0550388 0.779698 -0.601524 0.173897 0.377466
0.224509 -0.106118 -0.968677 -0.163394 0.537421 0.842697 0.0322409 0.0421866 0.81288 -0.527826 0.246223 0.382317
0.304561 -0.0922215 -0.948018 -0.153828 0.456003 0.887945 0.0601183 0.0297382 0.836244 -0.450609 0.312487 0.386129
0.366129 -0.116911 -0.923191 -0.146563 0.37643 0.925891 0.0320355 0.0169238 0.851029 -0.359246 0.383004 0.388487
0.440801 -0.0970295 -0.892345 -0.136919 0.290464 0.956069 0.039525 0.00535057 0.849309 -0.276617 0.44962 0.387417
0.500236 -0.0896338 -0.861237 -0.127171 0.207652 0.978022 0.0188233 -0.00559657 0.840621 -0.188254 0.507854 0.386223
0.555195 -0.0765857 -0.828187 -0.118451 0.121899 0.992491 -0.0100615 -0.019174 0.822739 -0.0953692 0.560362 0.383769
0.61022 -0.0214443 -0.791942 -0.107197 0.00807535 0.99975 -0.020849 -0.0362466 0.792191 0.00632726 0.610241 0.378459
0.65671 0.0294399 -0.753568 -0.094805 -0.0980285 0.994092 -0.0465921 -0.0538985 0.747745 0.104469 0.655716 0.37019
0.69092 0.115852 -0.713588 -0.0833015 -0.1854 0.982459 -0.0200072 -0.0694372 0.698753 0.146123 0.70028 0.360399
0.759196 0.124681 -0.638809 -0.066587 -0.205393 0.977223 -0.053369 -0.0754243 0.617605 0.171724 0.767512 0.347336
0.791634 0.110285 -0.60096 -0.058625 -0.186516 0.980246 -0.0658049 -0.0678358 0.581831 0.164182 0.796566 0.338808
0.77565 0.12218 -0.619224 -0.0626175 -0.192588 0.980112 -0.0478516 -0.068859 0.601063 0.156371 0.783755 0.341101
0.789519 0.0369324 -0.612614 -0.0640205 -0.104311 0.99174 -0.0746445 -0.0538376 0.604797 0.122836 0.78685 0.340011
0.785994 0.0453462 -0.616568 -0.0632092 -0.108414 0.991962 -0.0652501 -0.0541104 0.608654 0.118131 0.784593 0.341673
0.784385 0.030592 -0.619519 -0.0618597 -0.0915405 0.993556 -0.0668392 -0.0510425 0.613482 0.109139 0.782131 0.340673
0.780886 0.0367467 -0.623592 -0.0642877 -0.0950414 0.993635 -0.060462 -0.0495766 0.617401 0.106481 0.779408 0.340673
0.767853 0.0372908 -0.63954 -0.0660084 -0.0854129 0.995351 -0.044512 -0.046436 0.634906 0.0888037 0.767468 0.341582
0.731328 -0.0306149 -0.681338 -0.0753442 -0.00995289 0.998407 -0.0555451 -0.0379471 0.681953 0.047403 0.729858 0.349572
0.74262 -0.101072 -0.662042 -0.07838 0.0661578 0.994782 -0.0776609 -0.0288854 0.666437 0.0138733 0.745432 0.349372
0.74169 -0.185234 -0.644658 -0.0801933 0.151003 0.982551 -0.108592 -0.0127601 0.653524 -0.0168038 0.756719 0.345994
0.734079 -0.128692 -0.666758 -0.0782868 0.0960279 0.991684 -0.0856832 -0.0231737 0.67224 -0.0011291 0.740333 0.349763
0.726736 -0.178864 -0.663221 -0.0846714 0.128646 0.983861 -0.124371 -0.0161776 0.674762 0.00506447 0.738018 0.349133
0.721832 -0.214545 -0.657973 -0.0870407 0.138242 0.976273 -0.166673 -0.0153013 0.678121 0.0293504 0.734364 0.351741
0.721767 -0.214103 -0.658188 -0.0863131 0.157375 0.97681 -0.145171 -0.0128116 0.674007 0.00119725 0.738724 0.349488
0.704421 -0.0922584 -0.703761 -0.0815045 0.126058 0.992015 -0.00387004 -0.0152401 0.698498 -0.0859887 0.710427 0.34749
0.70152 0.0319113 -0.711935 -0.0739128 0.078936 0.98937 0.122128 -0.0207684 0.708265 -0.141873 0.691544 0.343773
0.735362 0.105559 -0.669403 -0.0609471 0.0483346 0.977108 0.207179 -0.0268014 0.675949 -0.184707 0.713426 0.337119
0.807251 0.116929 -0.57851 -0.0441267 0.0230805 0.973175 0.228906 -0.0352768 0.589757 -0.198137 0.782897 0.328853
0.845534 0.0265267 -0.533262 -0.0402214 0.0939235 0.9758 0.197465 -0.0357226 0.525595 -0.217049 0.822581 0.328251
0.835589 -0.0981064 -0.540524 -0.0418483 0.236177 0.952508 0.192221 -0.0247735 0.495995 -0.288277 0.819076 0.331958
0.777744 -0.184412 -0.600921 -0.0493287 0.349849 0.921237 0.170081 -0.0114076 0.522226 -0.342511 0.781004 0.337986
0.696554 -0.273954 -0.663145 -0.0595387 0.454418 0.883688 0.112248 0.002955 0.555262 -0.379532 0.740026 0.344891
0.615063 -0.381097 -0.690263 -0.0702859 0.547849 0.836157 0.0265183 0.0175453 0.567062 -0.39447 0.723073 0.352806
0.512812 -0.482273 -0.710237 -0.0820448 0.636844 0.768495 -0.0620107 0.0272283 0.575719 -0.420511 0.701226 0.354733
0.40631 -0.582527 -0.703971 -0.095698 0.727061 0.672753 -0.137058 0.0371785 0.553439 -0.456142 0.696879 0.353929
0.321272 -0.674992 -0.664207 -0.112647 0.800674 0.568143 -0.190088 0.0469576 0.505673 -0.470743 0.722977 0.352631
0.225098 -0.744871 -0.628091 -0.132827 0.86543 0.449001 -0.222327 0.0557057 0.447619 -0.493523 0.745702 0.345189
0.238451 -0.775525 -0.584554 -0.150662 0.916522 0.378743 -0.128609 0.0653134 0.321135 -0.505089 0.801097 0.331323
0.266513 -0.767527 -0.582986 -0.158488 0.942345 0.334505 -0.00959615 0.070752 0.202377 -0.546816 0.812426 0.319374
0.265749 -0.717482 -0.643892 -0.162428 0.958299 0.2694 0.0953225 0.0737337 0.105072 -0.642373 0.759155 0.30086
0.216617 -0.702411 -0.678009 -0.172676 0.976229 0.161122 0.144974 0.0781666 0.00741091 -0.693296 0.720615 0.284149
0.120911 -0.742437 -0.658914 -0.192679 0.988019 0.0258743 0.152147 0.0842315 -0.0959108 -0.669416 0.73667 0.267201
0.000194603 -0.767978 -0.640476 -0.217102 0.980995 -0.124128 0.149137 0.0868079 -0.194035 -0.628333 0.753358 0.255026
-0.105762 -0.796702 -0.595047 -0.240507 0.972005 -0.209089 0.107185 0.0885122 -0.209812 -0.567052 0.796511 0.251077
-0.211863 -0.783295 -0.584433 -0.271433 0.959424 -0.280552 0.0282118 0.0943486 -0.186062 -0.554742 0.810951 0.251369
-0.329921 -0.756403 -0.564806 -0.305376 0.915499 -0.4023 0.0039988 0.097994 -0.230247 -0.51576 0.825214 0.244662
-0.414755 -0.695753 -0.586435 -0.350975 0.85975 -0.510711 -0.00214439 0.10172 -0.298007 -0.505077 0.809993 0.226568
-0.480993 -0.683217 -0.549418 -0.402708 0.829632 -0.557319 -0.033266 0.113648 -0.283474 -0.471815 0.834885 0.215229
-0.438382 -0.722623 -0.53445 -0.434472 0.851913 -0.523604 0.00917699 0.124383 -0.286472 -0.451282 0.84515 0.207753
-0.343111 -0.767135 -0.542013 -0.42558 0.90367 -0.427009 0.0323134 0.133776 -0.256233 -0.478714 0.839749 0.208264
-0.241728 -0.773321 -0.586124 -0.397423 0.941437 -0.333247 0.0514151 0.137615 -0.235085 -0.53937 0.808588 0.213025
-0.174731 -0.768082 -0.616051 -0.345971 0.953418 -0.288238 0.0889507 0.130191 -0.245891 -0.571812 0.782668 0.222157
-0.119782 -0.769245 -0.627627 -0.280856 0.958867 -0.253505 0.127707 0.115263 -0.257344 -0.586513 0.767969 0.233092
-0.0248881 -0.791994 -0.610022 -0.239286 0.965374 -0.177548 0.191125 0.102344 -0.259678 -0.584142 0.768989 0.241718
0.045696 -0.807069 -0.588686 -0.214018 0.971342 -0.101701 0.214828 0.0904846 -0.233251 -0.581632 0.779293 0.253133
0.0448047 -0.800409 -0.597778 -0.215437 0.959947 -0.131169 0.247581 0.0967184 -0.276576 -0.584928 0.762473 0.247659
-0.020134 -0.777523 -0.628532 -0.229003 0.947517 -0.215466 0.236189 0.0968331 -0.31907 -0.59079 0.741055 0.2433
-0.0120032 -0.781521 -0.623763 -0.230628 0.93857 -0.22396 0.262541 0.103853 -0.34488 -0.582294 0.736201 0.236984
0.0681986 -0.796063 -0.601359 -0.227063 0.943337 -0.144752 0.2986 0.103171 -0.324753 -0.587648 0.741084 0.239698
0.105814 -0.795116 -0.597155 -0.227175 0.937113 -0.121126 0.327334 0.106609 -0.332599 -0.594239 0.732297 0.236921
0.135212 -0.802278 -0.581436 -0.221768 0.928706 -0.101881 0.356546 0.107427 -0.345286 -0.588193 0.731305 0.234067
0.169795 -0.812589 -0.557557 -0.21145 0.924219 -0.0650638 0.37628 0.106556 -0.342037 -0.579195 0.739962 0.234423
0.19163 -0.815944 -0.545448 -0.208245 0.919355 -0.0453344 0.390809 0.105321 -0.343606 -0.576351 0.741454 0.233859
0.185171 -0.815602 -0.548183 -0.210035 0.917395 -0.0564983 0.393948 0.107239 -0.352276 -0.575848 0.737767 0.232299
0.181596 -0.817977 -0.545836 -0.211189 0.921056 -0.0529713 0.385811 0.104994 -0.344498 -0.572807 0.743783 0.234972
0.150196 -0.817425 -0.556109 -0.215705 0.922232 -0.0868588 0.376754 0.108819 -0.356271 -0.569449 0.74081 0.233706
0.160619 -0.815949 -0.555364 -0.213531 0.916328 -0.085833 0.391121 0.112302 -0.366803 -0.571717 0.73389 0.229368
