-0.214613 -0.676335 -0.704636 -0.287355 -0.11191 0.733723 -0.670169 -0.336946 0.970267 -0.0649714 -0.233155 0.485576
-0.210345 -0.677267 -0.705028 -0.288351 -0.10897 0.732911 -0.671541 -0.336887 0.971535 -0.0644283 -0.227966 0.481945
-0.207362 -0.675081 -0.708002 -0.291496 -0.109107 0.735177 -0.669037 -0.338823 0.972161 -0.061485 -0.226104 0.485567
-0.220749 -0.673516 -0.705441 -0.290626 -0.114089 0.73615 -0.667134 -0.336627 0.968635 -0.0667862 -0.239345 0.484438
-0.209982 -0.677367 -0.70504 -0.28832 -0.107519 0.732742 -0.671959 -0.333494 0.971775 -0.0652943 -0.226692 0.484295
-0.209978 -0.678927 -0.703539 -0.288959 -0.102208 0.730882 -0.674808 -0.335323 0.972349 -0.0697878 -0.222861 0.486289
-0.212225 -0.674041 -0.707552 -0.289176 -0.106259 0.735669 -0.668955 -0.336769 0.971427 -0.0667854 -0.22775 0.48673
-0.217718 -0.675145 -0.704825 -0.288233 -0.104696 0.734136 -0.670882 -0.333064 0.97038 -0.072271 -0.23052 0.482203
-0.211052 -0.677821 -0.704284 -0.288634 -0.108089 0.732278 -0.672373 -0.332597 0.97148 -0.0657805 -0.227813 0.481337
-0.203632 -0.680196 -0.704179 -0.288686 -0.102457 0.730105 -0.67561 -0.330153 0.973672 -0.0654281 -0.218363 0.483443
-0.209804 -0.672465 -0.70977 -0.290306 -0.0972394 0.736678 -0.669216 -0.332486 0.972896 -0.0713868 -0.219948 0.485298
-0.207499 -0.678463 -0.704721 -0.289585 -0.0979648 0.731191 -0.675102 -0.331061 0.973318 -0.0710449 -0.218187 0.480484
-0.205049 -0.677905 -0.705974 -0.290188 -0.0922418 0.731475 -0.6756 -0.331534 0.974395 -0.0734112 -0.21252 0.482886
-0.208622 -0.674589 -0.708101 -0.289591 -0.0972366 0.734752 -0.67133 -0.333547 0.973151 -0.0712009 -0.21888 0.483001
-0.205144 -0.676865 -0.706944 -0.286139 -0.0999935 0.733021 -0.672816 -0.32968 0.973611 -0.0673339 -0.218057 0.480642
-0.201752 -0.676575 -0.708197 -0.288094 -0.0989657 0.733447 -0.672504 -0.333498 0.974424 -0.0655921 -0.214932 0.484755
-0.206198 -0.676562 -0.706928 -0.286715 -0.100087 0.733247 -0.672556 -0.331781 0.973378 -0.0679255 -0.218909 0.482103
-0.201134 -0.674974 -0.709898 -0.288003 -0.094444 0.734694 -0.671792 -0.33033 0.975 -0.0680747 -0.211519 0.480431
-0.204129 -0.677178 -0.706938 -0.287335 -0.0883432 0.73194 -0.675618 -0.327272 0.97495 -0.0754597 -0.209234 0.481237
-0.20147 -0.673053 -0.711625 -0.288104 -0.0958907 0.736585 -0.669512 -0.327633 0.97479 -0.0666486 -0.212939 0.483068
-0.21086 -0.672962 -0.708985 -0.287516 -0.0976382 0.736165 -0.669722 -0.325125 0.972628 -0.0719935 -0.220934 0.48081
-0.2061 -0.676586 -0.706933 -0.288101 -0.0858906 0.732163 -0.675693 -0.321782 0.974754 -0.0785415 -0.209011 0.481432
-0.208855 -0.67332 -0.709239 -0.288119 -0.0915671 0.735511 -0.671297 -0.323476 0.97365 -0.0752609 -0.215269 0.48249
-0.20566 -0.677405 -0.706276 -0.289112 -0.0910524 0.731818 -0.67539 -0.3225 0.974379 -0.0745923 -0.212185 0.482422
-0.210469 -0.673887 -0.708222 -0.284752 -0.0912696 0.73483 -0.672082 -0.321653 0.973331 -0.0768134 -0.216164 0.480069
-0.203779 -0.678235 -0.706025 -0.284305 -0.0909712 0.731155 -0.676119 -0.325975 0.974781 -0.0735505 -0.210694 0.482175
-0.210037 -0.676503 -0.705853 -0.283755 -0.0983346 0.732914 -0.673177 -0.328388 0.972736 -0.0719822 -0.220463 0.481658
-0.187135 -0.704101 -0.684998 -0.284158 -0.148084 0.709568 -0.688901 -0.334547 0.971109 -0.02748 -0.237051 0.483761
-0.175489 -0.735824 -0.654039 -0.281428 -0.201695 0.677129 -0.707684 -0.337831 0.963599 0.0077261 -0.267241 0.482484
-0.148827 -0.76705 -0.624087 -0.281424 -0.238802 0.640315 -0.730048 -0.342585 0.959596 0.0403822 -0.278469 0.486023
-0.131222 -0.789231 -0.599913 -0.281918 -0.279109 0.610079 -0.741554 -0.348341 0.951251 0.0701328 -0.300337 0.489123
-0.124555 -0.80914 -0.574263 -0.278909 -0.330123 0.579591 -0.745046 -0.355754 0.935684 0.0967781 -0.339306 0.487637
-0.0911647 -0.826873 -0.554951 -0.277116 -0.371288 0.545312 -0.751518 -0.361215 0.924032 0.137534 -0.356721 0.486203
-0.0560685 -0.842402 -0.535925 -0.276046 -0.418984 0.507071 -0.753214 -0.37047 0.906261 0.182312 -0.381383 0.488275
-0.018528 -0.848562 -0.528772 -0.268455 -0.480582 0.471321 -0.739526 -0.382429 0.876754 0.240416 -0.416536 0.484106
0.061125 -0.847729 -0.526895 -0.262566 -0.523475 0.422232 -0.740064 -0.393092 0.849846 0.321053 -0.417956 0.483672
0.112661 -0.834646 -0.539141 -0.255058 -0.553705 0.397806 -0.731548 -0.403667 0.825057 0.380942 -0.41733 0.481868
0.170009 -0.81245 -0.557694 -0.244856 -0.589011 0.369936 -0.71848 -0.412935 0.79004 0.450636 -0.41565 0.475624
0.220248 -0.786329 -0.577215 -0.238346 -0.602807 0.355505 -0.714311 -0.416579 0.766887 0.505275 -0.395705 0.471895
0.268382 -0.755339 -0.597858 -0.232129 -0.616911 0.341898 -0.708891 -0.421498 0.739859 0.559079 -0.374218 0.470921
0.325741 -0.702858 -0.632363 -0.222097 -0.64061 0.327832 -0.694367 -0.429167 0.69535 0.631282 -0.343469 0.46568
0.363015 -0.662808 -0.654909 -0.212105 -0.656112 0.317238 -0.684746 -0.433087 0.661618 0.678266 -0.319714 0.456075
0.407895 -0.620584 -0.669699 -0.203026 -0.672393 0.292032 -0.680151 -0.438813 0.617665 0.727731 -0.298158 0.448241
0.451627 -0.577211 -0.680338 -0.19521 -0.678667 0.272749 -0.681923 -0.44387 0.579175 0.769698 -0.268553 0.444003
0.489399 -0.536579 -0.687439 -0.186974 -0.682005 0.255764 -0.685167 -0.447552 0.543468 0.804157 -0.240779 0.440069
0.501759 -0.478334 -0.720718 -0.176596 -0.703257 0.25955 -0.661863 -0.456193 0.503654 0.838946 -0.20616 0.427119
0.511086 -0.425373 -0.746893 -0.169284 -0.722393 0.258299 -0.641428 -0.461536 0.465768 0.867375 -0.175274 0.416851
0.517405 -0.374793 -0.7693 -0.164212 -0.739734 0.256067 -0.622273 -0.465958 0.430216 0.891044 -0.144757 0.410137
0.520192 -0.321014 -0.791423 -0.158788 -0.756471 0.256946 -0.60144 -0.469801 0.396423 0.911553 -0.109177 0.405015
0.509694 -0.263489 -0.819015 -0.155747 -0.775253 0.272151 -0.570015 -0.477792 0.373089 0.925477 -0.0655564 0.39558
0.49911 -0.195534 -0.844189 -0.149505 -0.785822 0.308447 -0.536045 -0.481834 0.365202 0.930928 0.000293801 0.382715
0.472527 -0.138245 -0.870406 -0.147032 -0.797072 0.354344 -0.488995 -0.486665 0.376025 0.92484 0.0572456 0.374342
0.442916 -0.104846 -0.890412 -0.149907 -0.80115 0.399542 -0.445561 -0.490974 0.402472 0.910699 0.092966 0.370971
0.412725 -0.0500097 -0.909482 -0.150372 -0.804928 0.447313 -0.389875 -0.489463 0.42632 0.892978 0.144363 0.370714
0.382357 -0.00130478 -0.924014 -0.152551 -0.805551 0.4894 -0.334028 -0.488499 0.452649 0.872058 0.186075 0.36905
0.362459 0.0191397 -0.931803 -0.157955 -0.794869 0.528371 -0.29834 -0.492428 0.486627 0.848798 0.206726 0.368127
0.34802 0.0400894 -0.936629 -0.161614 -0.769654 0.582659 -0.261039 -0.487781 0.535271 0.811727 0.233632 0.370941
0.355175 0.0422259 -0.933846 -0.161069 -0.717127 0.653127 -0.243216 -0.478211 0.59965 0.75607 0.262256 0.377706
0.354124 0.0380193 -0.934425 -0.161689 -0.671386 0.705899 -0.225718 -0.470123 0.651028 0.707292 0.275502 0.383146
0.370087 0.0294157 -0.928531 -0.158123 -0.602457 0.76843 -0.215779 -0.458655 0.707164 0.639258 0.302107 0.386982
0.389579 0.00854609 -0.920953 -0.159817 -0.542415 0.810267 -0.221932 -0.443213 0.744322 0.585998 0.320299 0.396495
0.40609 -0.03603 -0.913122 -0.15903 -0.484083 0.839027 -0.248391 -0.434348 0.775083 0.542896 0.323279 0.401458
0.408537 -0.0971235 -0.907559 -0.159733 -0.398784 0.875406 -0.273195 -0.418762 0.821017 0.473531 0.318905 0.405841
0.413347 -0.147411 -0.898562 -0.158792 -0.33666 0.892146 -0.301225 -0.408367 0.846052 0.42702 0.319138 0.407588
0.428224 -0.203388 -0.880487 -0.159096 -0.264783 0.903339 -0.337444 -0.393111 0.864011 0.377639 0.332978 0.412583
0.435702 -0.244447 -0.866262 -0.159339 -0.215509 0.906091 -0.36408 -0.383825 0.87391 0.345318 0.342105 0.415915
0.422893 -0.293026 -0.857495 -0.160525 -0.157865 0.907982 -0.388134 -0.372726 0.892323 0.299508 0.33772 0.418281
0.410371 -0.348193 -0.842827 -0.166369 -0.101818 0.900961 -0.421784 -0.364433 0.906217 0.258903 0.334276 0.418302
0.401741 -0.405563 -0.82105 -0.170293 -0.0471884 0.886225 -0.460846 -0.354738 0.914537 0.223885 0.336895 0.418859
0.390266 -0.462417 -0.796155 -0.172689 -0.00315119 0.86405 -0.503396 -0.344546 0.920697 0.198967 0.335752 0.421191
0.376472 -0.511707 -0.772286 -0.175125 0.0400952 0.841835 -0.538244 -0.336942 0.92556 0.171669 0.337444 0.423593
0.359585 -0.55473 -0.750316 -0.176743 0.0847483 0.820192 -0.565776 -0.327541 0.929256 0.139857 0.341941 0.423992
0.330965 -0.604315 -0.724752 -0.188524 0.133755 0.790324 -0.597911 -0.320489 0.934115 0.100949 0.3424 0.425478
0.307939 -0.665298 -0.680112 -0.194771 0.166879 0.741537 -0.649826 -0.310945 0.936656 0.0866102 0.339373 0.425979
0.280192 -0.718368 -0.636741 -0.198853 0.192822 0.691909 -0.69576 -0.302308 0.940379 0.0721688 0.332384 0.430316
0.24903 -0.762152 -0.597585 -0.206427 0.207393 0.644677 -0.735785 -0.298869 0.94603 0.0592972 0.318609 0.432653
0.242227 -0.797259 -0.552906 -0.21004 0.190296 0.597848 -0.778694 -0.297402 0.951375 0.0834046 0.29653 0.436553
0.261964 -0.805485 -0.531572 -0.209486 0.144117 0.577282 -0.803726 -0.295981 0.954256 0.133939 0.267311 0.439547
0.290131 -0.795153 -0.5325 -0.20796 0.0920643 0.577044 -0.811507 -0.29781 0.952548 0.186419 0.240623 0.44269
0.342373 -0.785214 -0.515965 -0.204852 0.029393 0.557836 -0.82943 -0.302377 0.939104 0.268808 0.214068 0.447083
0.38548 -0.779056 -0.494445 -0.200777 -0.0265988 0.526254 -0.849911 -0.306069 0.922333 0.340776 0.182139 0.448177
0.420368 -0.771515 -0.477551 -0.196409 -0.0655252 0.499126 -0.864049 -0.310192 0.904985 0.39451 0.159263 0.447441
0.454296 -0.762145 -0.461249 -0.191785 -0.11112 0.465239 -0.878183 -0.313405 0.883894 0.450209 0.126666 0.447438
0.511467 -0.718593 -0.471196 -0.188451 -0.153327 0.463229 -0.872874 -0.323102 0.845513 0.518694 0.126747 0.447036
0.552752 -0.66714 -0.499389 -0.180954 -0.166945 0.498462 -0.850685 -0.326078 0.816453 0.553588 0.16415 0.44358
0.596425 -0.608014 -0.524019 -0.173572 -0.166612 0.544848 -0.821816 -0.327336 0.785186 0.577459 0.223659 0.43717
0.637286 -0.553353 -0.536346 -0.166671 -0.161597 0.584555 -0.795099 -0.327027 0.753494 0.593377 0.283108 0.431115
0.668495 -0.50932 -0.541948 -0.160733 -0.161149 0.612193 -0.774113 -0.330104 0.726048 0.604825 0.327171 0.426215
0.706946 -0.468486 -0.529857 -0.155007 -0.150439 0.632413 -0.759883 -0.336184 0.691083 0.616907 0.376603 0.417819
0.732181 -0.425851 -0.531566 -0.148673 -0.149369 0.661049 -0.735325 -0.334727 0.66453 0.61779 0.420399 0.411088
0.754199 -0.378866 -0.536324 -0.143044 -0.146645 0.698955 -0.699969 -0.331543 0.640061 0.606566 0.471593 0.406783
0.772422 -0.325506 -0.545353 -0.137252 -0.140508 0.749816 -0.646555 -0.333822 0.619372 0.57604 0.533438 0.397327
0.793363 -0.28911 -0.535714 -0.132161 -0.12799 0.781135 -0.611103 -0.335743 0.595141 0.553393 0.582721 0.387034
0.801772 -0.265814 -0.535262 -0.124961 -0.104396 0.819575 -0.563381 -0.331398 0.588442 0.507582 0.629362 0.377187
0.794442 -0.273271 -0.542389 -0.126302 -0.0688016 0.846812 -0.527423 -0.330133 0.603431 0.456324 0.653942 0.37187
0.776424 -0.297357 -0.555647 -0.124445 -0.0294057 0.863631 -0.503266 -0.326778 0.629524 0.407087 0.6618 0.370307
0.746099 -0.319636 -0.584098 -0.127968 -0.00224676 0.876026 -0.482258 -0.32151 0.665832 0.361124 0.652884 0.373848
0.720847 -0.361695 -0.591233 -0.133713 0.0492909 0.877627 -0.476804 -0.313138 0.69134 0.31456 0.650463 0.37769
0.675968 -0.419298 -0.606017 -0.139938 0.105501 0.868944 -0.483536 -0.304761 0.72934 0.262919 0.631614 0.380551
0.637057 -0.468093 -0.612412 -0.148686 0.158358 0.857028 -0.490332 -0.298027 0.754375 0.215389 0.620102 0.38307
0.590843 -0.513158 -0.622554 -0.154843 0.213104 0.843507 -0.493035 -0.290164 0.778133 0.158637 0.607736 0.383826
0.538265 -0.544185 -0.643532 -0.163903 0.266596 0.83432 -0.482532 -0.281882 0.799498 0.0881673 0.594163 0.382082
0.477027 -0.594586 -0.647235 -0.170678 0.332248 0.803774 -0.493517 -0.269977 0.813668 0.0203783 0.580972 0.378994
0.414951 -0.627721 -0.658621 -0.175794 0.384425 0.777055 -0.4984 -0.262209 0.824642 -0.0463787 0.563751 0.374824
0.357933 -0.643806 -0.676312 -0.184328 0.425895 0.757133 -0.495341 -0.253138 0.830962 -0.11074 0.545197 0.371428
0.307597 -0.650399 -0.694525 -0.189743 0.46051 0.740493 -0.489491 -0.245442 0.832655 -0.169269 0.527288 0.366741
0.23524 -0.669684 -0.704404 -0.196739 0.509726 0.702083 -0.497251 -0.23004 0.827551 -0.24208 0.506514 0.358494
0.193378 -0.673655 -0.713298 -0.202225 0.558047 0.673486 -0.484767 -0.218528 0.806962 -0.30431 0.506169 0.345638
0.195837 -0.682684 -0.703982 -0.200711 0.611271 0.646331 -0.456732 -0.207085 0.766809 -0.340879 0.54388 0.328352
0.199312 -0.702401 -0.683307 -0.198075 0.65561 0.613834 -0.439753 -0.198428 0.72832 -0.360335 0.582845 0.311828
0.213763 -0.729739 -0.649451 -0.196218 0.686326 0.585284 -0.43174 -0.192397 0.69517 -0.353445 0.625951 0.294727
0.238857 -0.760535 -0.603767 -0.189407 0.703409 0.564159 -0.432366 -0.184886 0.66945 -0.321422 0.66972 0.275425
0.284156 -0.768806 -0.572881 -0.178059 0.714113 0.56841 -0.408598 -0.178121 0.639764 -0.292996 0.710532 0.255509
0.349111 -0.757406 -0.551777 -0.167495 0.707113 0.599309 -0.37526 -0.173756 0.614909 -0.259161 0.744797 0.234795
0.420453 -0.734614 -0.532506 -0.155699 0.688131 0.640705 -0.340548 -0.171435 0.59135 -0.22325 0.774897 0.218662
0.49064 -0.708608 -0.507097 -0.144505 0.653988 0.684038 -0.323098 -0.167679 0.575823 -0.17311 0.799037 0.204922
0.567689 -0.671196 -0.476681 -0.131148 0.6114 0.731488 -0.301851 -0.16502 0.551288 -0.120086 0.825627 0.192208
0.632242 -0.632062 -0.448071 -0.116934 0.56726 0.771555 -0.287956 -0.164584 0.527717 -0.0721154 0.846353 0.176396
0.694295 -0.590226 -0.411811 -0.10276 0.522377 0.806891 -0.27577 -0.166101 0.495053 -0.0236552 0.868541 0.161778
0.755911 -0.538634 -0.372118 -0.0906062 0.470377 0.842192 -0.263548 -0.169215 0.455351 0.0241826 0.889984 0.144648
0.820575 -0.475125 -0.317669 -0.0771804 0.405514 0.875671 -0.262217 -0.171168 0.40276 0.0863493 0.911224 0.128628
0.851532 -0.442248 -0.281622 -0.070691 0.375066 0.889144 -0.2622 -0.17253 0.36636 0.117645 0.923006 0.120531
0.894183 -0.383809 -0.230495 -0.0603918 0.322824 0.909464 -0.262031 -0.179053 0.310196 0.159894 0.93713 0.10315
0.923255 -0.329922 -0.196855 -0.0488268 0.274826 0.925203 -0.261666 -0.186063 0.26846 0.187484 0.94487 0.0863714
0.949369 -0.247939 -0.192938 -0.0342939 0.198954 0.949773 -0.241556 -0.200334 0.243138 0.19094 0.951013 0.0675314
0.971946 -0.152157 -0.17936 -0.0229001 0.108432 0.966562 -0.232378 -0.212632 0.20872 0.206411 0.955945 0.0495915
0.982634 -0.0872145 -0.163781 -0.0175617 0.051157 0.975781 -0.212685 -0.223621 0.178363 0.200613 0.963297 0.0363442
0.991596 -0.00850944 -0.12909 -0.0111832 -0.0142654 0.984558 -0.174479 -0.236253 0.128582 0.174854 0.976162 0.0255409
0.992511 0.0557718 -0.108683 -0.00346922 -0.071568 0.986493 -0.147342 -0.250933 0.0989972 0.154016 0.983096 0.0153149
0.985263 0.145962 -0.0891758 0.00123884 -0.15894 0.973911 -0.161976 -0.268699 0.063207 0.173763 0.982757 -1.56686e-05
0.973185 0.218153 -0.0729429 0.00842672 -0.227692 0.95865 -0.170723 -0.289888 0.0326829 0.182754 0.982615 -0.0160332
0.96433 0.25002 -0.0869347 0.0206851 -0.260521 0.954596 -0.144484 -0.317988 0.0468637 0.161979 0.985681 -0.0273325
0.971284 0.203103 -0.123925 0.0300985 -0.218336 0.967828 -0.125053 -0.328241 0.094539 0.148519 0.98438 -0.0272283
0.978497 0.134772 -0.156143 0.0377131 -0.151145 0.983624 -0.0981824 -0.331297 0.140354 0.119671 0.982843 -0.0213037
0.977986 0.0835097 -0.191234 0.0365872 -0.101983 0.990808 -0.0888727 -0.326713 0.182054 0.106419 0.977513 -0.0146353
0.97435 0.013592 -0.224627 0.0370305 -0.0317542 0.996491 -0.0774413 -0.321953 0.222786 0.0825878 0.971363 -0.00814232
0.962078 -0.0538622 -0.267403 0.0334175 0.0379823 0.997213 -0.0642106 -0.314366 0.270117 0.051619 0.961443 0.000974982
0.945127 -0.122984 -0.302672 0.0327973 0.116076 0.992403 -0.0407835 -0.306455 0.305389 0.00341273 0.952222 0.00776847
0.920886 -0.179864 -0.345859 0.0313426 0.184474 0.982637 -0.0198398 -0.29855 0.343422 -0.0455317 0.938077 0.0158903
0.895311 -0.223148 -0.385517 0.0238495 0.241144 0.970488 -0.00172019 -0.288167 0.374523 -0.0914251 0.922699 0.0214655
0.862626 -0.280649 -0.420848 0.0185523 0.310467 0.950581 0.00246349 -0.278972 0.399359 -0.132784 0.907128 0.026589
0.827265 -0.338289 -0.448546 0.0106214 0.375802 0.926682 -0.00579482 -0.268439 0.41762 -0.16377 0.893741 0.0301414
0.782307 -0.418106 -0.461718 0.00345141 0.45759 0.888676 -0.029423 -0.257987 0.42262 -0.18826 0.886539 0.0318444
0.738316 -0.488238 -0.465311 -0.00482239 0.52656 0.848378 -0.054678 -0.246667 0.421455 -0.204644 0.883457 0.0312683
0.679643 -0.564287 -0.468685 -0.0207179 0.60611 0.791885 -0.0744906 -0.230617 0.413179 -0.233448 0.880219 0.029656
0.609913 -0.633725 -0.475813 -0.0368888 0.687404 0.721828 -0.080249 -0.213473 0.394311 -0.278131 0.875878 0.0257155
0.55364 -0.691248 -0.46439 -0.0471989 0.742569 0.6622 -0.100408 -0.203661 0.376927 -0.289252 0.87992 0.018993
0.492373 -0.750744 -0.440401 -0.0598155 0.790738 0.597281 -0.134121 -0.192911 0.363734 -0.282204 0.887727 0.0140499
0.448233 -0.789458 -0.419336 -0.0719992 0.818025 0.551399 -0.163689 -0.183541 0.360447 -0.269657 0.892952 0.0107928
0.401195 -0.826472 -0.394952 -0.0856398 0.841476 0.502884 -0.19755 -0.173371 0.361885 -0.253086 0.897211 0.00697371
0.346878 -0.867419 -0.356734 -0.0996936 0.86386 0.443606 -0.238661 -0.164734 0.365269 -0.225382 0.903206 0.00335131
0.284832 -0.909844 -0.301754 -0.113719 0.882319 0.371887 -0.288468 -0.15909 0.374679 -0.184078 0.908697 0.000512562
0.226819 -0.938893 -0.258906 -0.126523 0.891703 0.307106 -0.332492 -0.154205 0.391686 -0.155451 0.906872 -0.00046624
0.184706 -0.950877 -0.248428 -0.141607 0.881012 0.272224 -0.386926 -0.149766 0.435548 -0.147401 0.888015 -0.00217037
0.151657 -0.956109 -0.25071 -0.15714 0.849663 0.255703 -0.461181 -0.144464 0.505047 -0.143078 0.85115 -0.000763874
0.177194 -0.946957 -0.268096 -0.162152 0.821078 0.292428 -0.490221 -0.146085 0.542616 -0.133263 0.829342 0.00152465
0.225082 -0.926467 -0.301657 -0.16127 0.800658 0.3523 -0.484595 -0.14833 0.555235 -0.132451 0.821079 0.00143352
0.28919 -0.893682 -0.343077 -0.157314 0.775788 0.428761 -0.462944 -0.148928 0.560822 -0.132276 0.817301 0.00281345
0.358428 -0.850827 -0.384218 -0.150661 0.754634 0.506349 -0.417299 -0.150018 0.549597 -0.140372 0.823552 0.00203854
0.424778 -0.809862 -0.404582 -0.14313 0.732041 0.570203 -0.372807 -0.152602 0.532616 -0.13781 0.835062 -6.81909e-05
0.487469 -0.776685 -0.398916 -0.135987 0.703433 0.619997 -0.347543 -0.156309 0.517258 -0.111195 0.848575 -0.0011481
0.54594 -0.747609 -0.378194 -0.128541 0.662351 0.661555 -0.351621 -0.160857 0.513071 -0.0585333 0.856348 -0.00373587
0.600646 -0.720201 -0.347181 -0.123406 0.62123 0.693758 -0.36438 -0.160863 0.503287 0.00318422 0.864114 -0.00238192
0.66647 -0.664571 -0.337881 -0.111327 0.568081 0.746186 -0.347117 -0.168491 0.482806 0.0393994 0.874841 -0.00441774
0.705261 -0.615147 -0.352421 -0.103003 0.537421 0.788097 -0.300136 -0.176622 0.46237 0.0222757 0.886407 -0.00810211
0.747772 -0.539054 -0.38763 -0.0949557 0.496557 0.8416 -0.212463 -0.185982 0.440758 -0.0336061 0.896996 -0.011129
0.771114 -0.491706 -0.404485 -0.0902634 0.465899 0.868761 -0.167903 -0.192386 0.43396 -0.0589772 0.899 -0.0145372
0.791807 -0.449379 -0.413642 -0.0852533 0.440476 0.889304 -0.122963 -0.19663 0.42311 -0.0848368 0.902098 -0.0159135
0.828319 -0.376826 -0.414595 -0.0753386 0.388242 0.919592 -0.0601497 -0.208511 0.403925 -0.11114 0.908016 -0.019195
0.855201 -0.320919 -0.406992 -0.0691666 0.341245 0.939671 -0.0238953 -0.217297 0.390107 -0.118448 0.913119 -0.0220787
0.886227 -0.265705 -0.379476 -0.0582766 0.288652 0.957427 0.00373564 -0.234023 0.362328 -0.112847 0.925194 -0.0233168
0.910098 -0.177507 -0.374451 -0.0516146 0.197896 0.980086 0.0163776 -0.249559 0.364087 -0.0890076 0.927102 -0.0253129
0.926291 -0.0869997 -0.366628 -0.0458539 0.10144 0.994635 0.0202649 -0.267972 0.362898 -0.0559618 0.930147 -0.0250311
0.933597 -0.0372247 -0.356385 -0.0395414 0.0406352 0.999172 0.00208491 -0.285928 0.356012 -0.0164282 0.934337 -0.0235193
0.925427 -0.0385832 -0.376958 -0.0349339 0.0241288 0.998784 -0.0429938 -0.29391 0.378158 0.030692 0.925232 -0.0180866
0.908862 -0.10272 -0.40425 -0.037121 0.0869473 0.994567 -0.0572398 -0.295683 0.407934 0.0168746 0.912856 -0.0107042
0.889435 -0.168297 -0.424949 -0.0400922 0.156575 0.985677 -0.0626508 -0.286014 0.429407 -0.0108128 0.903046 -0.00268291
0.862882 -0.234685 -0.447614 -0.0427225 0.233366 0.970596 -0.0590184 -0.27978 0.448303 -0.0535319 0.892277 -0.00115292
0.8371 -0.302003 -0.456133 -0.0471743 0.299309 0.950779 -0.0802096 -0.273536 0.457906 -0.0693813 0.886289 -0.00141308
0.80792 -0.37878 -0.451432 -0.052075 0.369416 0.922392 -0.112807 -0.260572 0.459126 -0.075627 0.885146 0.0029528
0.772891 -0.45962 -0.43748 -0.0562477 0.4402 0.884936 -0.152023 -0.253326 0.457015 -0.0750812 0.886284 0.00521256
0.725207 -0.548341 -0.41641 -0.0631021 0.524472 0.831771 -0.181896 -0.241498 0.446099 -0.0864831 0.890796 0.00448475
0.67907 -0.620231 -0.392654 -0.0691826 0.596702 0.77794 -0.196866 -0.23339 0.427564 -0.100611 0.898369 0.00165196
0.627255 -0.67691 -0.385154 -0.0790261 0.663184 0.723529 -0.191555 -0.224799 0.408335 -0.135274 0.902753 -0.000519456
0.55699 -0.735621 -0.385517 -0.0923019 0.733244 0.65355 -0.187684 -0.207499 0.390019 -0.17814 0.903411 -0.0028277
0.490072 -0.786083 -0.376699 -0.101501 0.793489 0.581196 -0.180518 -0.198048 0.360838 -0.21044 0.908576 -0.00689226
0.45252 -0.813579 -0.365123 -0.11078 0.830189 0.533842 -0.160618 -0.190253 0.325593 -0.230439 0.916999 -0.0117775
0.415913 -0.831864 -0.36745 -0.117876 0.86191 0.48945 -0.132471 -0.182532 0.290047 -0.261612 0.920561 -0.0147922
0.363559 -0.861692 -0.353994 -0.122809 0.896803 0.426583 -0.117354 -0.178824 0.252131 -0.274798 0.927856 -0.0157393
0.31548 -0.89094 -0.326647 -0.133199 0.922329 0.368833 -0.115206 -0.17258 0.22312 -0.264931 0.938099 -0.0201843
0.253659 -0.913707 -0.317485 -0.140732 0.951605 0.294595 -0.0875325 -0.168064 0.173509 -0.279917 0.944215 -0.0248209
0.199227 -0.926942 -0.317943 -0.146332 0.970803 0.230923 -0.0649251 -0.164623 0.133602 -0.295725 0.945884 -0.0263056
0.141664 -0.941718 -0.30512 -0.15167 0.98524 0.164049 -0.0488845 -0.165333 0.0960902 -0.293691 0.951059 -0.0272027
0.15258 -0.946271 -0.285114 -0.150251 0.977721 0.186612 -0.0961177 -0.166283 0.144159 -0.264097 0.953662 -0.0221548
0.205487 -0.93772 -0.280099 -0.141975 0.960437 0.248199 -0.126325 -0.169016 0.187978 -0.24306 0.951623 -0.0154866
0.278429 -0.916356 -0.287697 -0.134361 0.929856 0.33219 -0.158169 -0.169978 0.240509 -0.223478 0.94457 -0.0107328
0.329007 -0.898363 -0.291028 -0.128062 0.903581 0.38904 -0.179414 -0.171981 0.2744 -0.203939 0.939741 -0.00797733
0.404737 -0.863853 -0.299912 -0.116746 0.859892 0.471119 -0.19655 -0.178973 0.311084 -0.178341 0.933499 -0.00592341
0.498038 -0.808755 -0.312848 -0.104242 0.798873 0.568246 -0.197229 -0.188265 0.337284 -0.151698 0.9291 -0.00282671
0.565921 -0.758103 -0.324058 -0.0949782 0.745193 0.638505 -0.19235 -0.194274 0.352734 -0.132631 0.926276 -0.00211451
0.62053 -0.709216 -0.334597 -0.0872145 0.69695 0.694359 -0.179238 -0.201372 0.359449 -0.121975 0.925159 -0.00246601
0.670366 -0.656743 -0.345394 -0.079976 0.64752 0.745073 -0.159952 -0.209822 0.362391 -0.116423 0.924726 -0.00437958
0.730526 -0.591846 -0.340661 -0.0679114 0.584351 0.799917 -0.136627 -0.222293 0.353363 -0.0992564 0.930206 -0.00498751
0.777529 -0.523988 -0.347686 -0.0613607 0.521327 0.846292 -0.109582 -0.231764 0.351663 -0.0960544 0.931186 -0.00665032
0.813862 -0.462838 -0.351298 -0.053844 0.467514 0.880616 -0.0771135 -0.239618 0.34505 -0.101477 0.933082 -0.00859536
0.845929 -0.395245 -0.358031 -0.044784 0.408601 0.911785 -0.0411431 -0.251186 0.342709 -0.111488 0.932803 -0.0111293
0.864462 -0.377425 -0.332047 -0.0326034 0.377647 0.923552 -0.0665889 -0.268716 0.331795 -0.0678329 0.940909 -0.0147602
0.875349 -0.371302 -0.309674 -0.0219236 0.380757 0.92413 -0.0317623 -0.278859 0.297973 -0.0901075 0.950312 -0.0167701
0.854179 -0.436467 -0.28262 -0.0213282 0.439789 0.896405 -0.0551723 -0.277815 0.277423 -0.0771662 0.957644 -0.0199843
0.825779 -0.495935 -0.268585 -0.0256838 0.498944 0.864408 -0.0620783 -0.27106 0.262954 -0.0827459 0.961254 -0.0220895
0.783522 -0.567131 -0.253882 -0.0274869 0.572374 0.817771 -0.0603256 -0.26527 0.24183 -0.0980488 0.965352 -0.0232469
0.737289 -0.631014 -0.241302 -0.0341173 0.638681 0.767468 -0.0554929 -0.251205 0.220208 -0.113201 0.968862 -0.0262751
0.699267 -0.673973 -0.238297 -0.0407937 0.689202 0.724117 -0.0255943 -0.239689 0.189804 -0.146337 0.970855 -0.0294754
0.65253 -0.721215 -0.232495 -0.0443039 0.741719 0.67071 0.0011528 -0.230499 0.155105 -0.173198 0.972597 -0.032763
0.589742 -0.776863 -0.220653 -0.0563361 0.797564 0.603182 0.00800652 -0.213485 0.126874 -0.180707 0.975319 -0.0345552
0.526683 -0.822249 -0.215666 -0.0668866 0.844796 0.534489 0.0253029 -0.199088 0.0944661 -0.195521 0.976139 -0.0350846
0.477178 -0.853427 -0.209673 -0.0724867 0.876561 0.47926 0.0441755 -0.192794 0.0627875 -0.204871 0.976773 -0.0352336
0.412866 -0.885724 -0.212216 -0.0844567 0.90987 0.411578 0.0523495 -0.181505 0.0409763 -0.214702 0.97582 -0.0358546
0.325337 -0.921721 -0.211154 -0.0991208 0.94551 0.320131 0.0593804 -0.172791 0.0128648 -0.218967 0.975647 -0.0377197
0.267224 -0.937762 -0.221798 -0.110202 0.963495 0.2561 0.0780361 -0.167229 -0.0163769 -0.234554 0.971965 -0.03779
0.20278 -0.951252 -0.23238 -0.118761 0.97803 0.185033 0.096018 -0.161964 -0.0483393 -0.246746 0.967874 -0.039984
0.121299 -0.960249 -0.251411 -0.136073 0.990878 0.102158 0.087886 -0.154243 -0.0587089 -0.259778 0.963882 -0.0410517
0.0256203 -0.964955 -0.261162 -0.15327 0.996973 0.00547884 0.0775607 -0.148374 -0.0734117 -0.262358 0.962174 -0.0405224
-0.0540272 -0.958454 -0.280083 -0.170854 0.99395 -0.0784825 0.0768402 -0.143232 -0.0956294 -0.274237 0.956896 -0.0392193
-0.136681 -0.945033 -0.297036 -0.185456 0.985794 -0.159305 0.0532231 -0.138625 -0.0976168 -0.285542 0.953382 -0.0407517
-0.204886 -0.926677 -0.315107 -0.203916 0.975123 -0.221078 0.0161184 -0.138603 -0.0845998 -0.303966 0.948919 -0.0381402
-0.264668 -0.904206 -0.335205 -0.221853 0.961269 -0.275091 -0.016941 -0.137279 -0.0768938 -0.326706 0.941993 -0.0330285
-0.33745 -0.87171 -0.355315 -0.234605 0.938942 -0.338637 -0.0609374 -0.138087 -0.067203 -0.354183 0.932758 -0.0311799
-0.36724 -0.852928 -0.37101 -0.248945 0.930121 -0.338046 -0.143523 -0.138938 -0.00300353 -0.397791 0.917471 -0.0262755
-0.386361 -0.840673 -0.379464 -0.256827 0.921036 -0.329716 -0.207316 -0.140017 0.0491697 -0.429599 0.90168 -0.0200782
-0.398768 -0.828524 -0.393105 -0.262698 0.910071 -0.304741 -0.280897 -0.141238 0.112934 -0.469767 0.875537 -0.0134778
-0.40592 -0.816989 -0.409583 -0.268224 0.899619 -0.278255 -0.336541 -0.144228 0.160982 -0.505077 0.847928 -0.00713576
-0.407027 -0.812592 -0.417161 -0.270725 0.890285 -0.250802 -0.380119 -0.145989 0.204256 -0.526111 0.825522 -0.00191102
-0.400728 -0.810367 -0.427461 -0.275254 0.869508 -0.189338 -0.456188 -0.150718 0.288745 -0.554488 0.780493 0.00806466
-0.395744 -0.811808 -0.429365 -0.279092 0.842005 -0.134093 -0.522539 -0.155579 0.366627 -0.568319 0.736613 0.0166989
-0.391371 -0.815157 -0.427022 -0.283074 0.811421 -0.086801 -0.577981 -0.158625 0.434079 -0.5727 0.695407 0.0261968
-0.387917 -0.817155 -0.426354 -0.284299 0.7769 -0.0409958 -0.628287 -0.165227 0.49593 -0.574958 0.650751 0.0346472
-0.386823 -0.824129 -0.413739 -0.284853 0.743702 -0.0135276 -0.668375 -0.172744 0.54523 -0.566241 0.618139 0.0421583
-0.371532 -0.845431 -0.383681 -0.28492 0.701342 0.0152157 -0.712662 -0.182321 0.608345 -0.533868 0.587283 0.0514092
-0.333202 -0.871532 -0.359734 -0.280572 0.67211 0.0480256 -0.738892 -0.1912 0.661244 -0.487981 0.569764 0.0590422
-0.27891 -0.897646 -0.341233 -0.275752 0.638251 0.0922234 -0.764284 -0.200975 0.717527 -0.430959 0.547202 0.0665683
-0.219318 -0.915548 -0.337152 -0.267129 0.60153 0.145183 -0.785547 -0.2085 0.768155 -0.375092 0.518888 0.0735014
-0.156892 -0.923937 -0.34889 -0.258017 0.562954 0.206591 -0.800252 -0.215013 0.81146 -0.321963 0.487722 0.0793408
-0.0840168 -0.927873 -0.363308 -0.24742 0.521215 0.269823 -0.809649 -0.222163 0.84928 -0.257386 0.460951 0.0848173
-0.00389736 -0.923435 -0.383735 -0.233691 0.48656 0.3335 -0.807488 -0.22841 0.873639 -0.189857 0.448006 0.0884188
0.0884558 -0.909412 -0.406381 -0.217849 0.45443 0.399893 -0.795977 -0.236568 0.88638 -0.114263 0.448637 0.0913248
0.188302 -0.883269 -0.429394 -0.199488 0.419455 0.467662 -0.778042 -0.244761 0.888031 -0.0336044 0.458553 0.0918937
0.275436 -0.84667 -0.455286 -0.18411 0.383854 0.531076 -0.755391 -0.251752 0.881358 0.0332989 0.471275 0.0901545
0.332846 -0.818554 -0.46817 -0.174204 0.358556 0.569048 -0.740015 -0.256478 0.872153 0.0784459 0.482902 0.0891016
0.427326 -0.762375 -0.485981 -0.156939 0.314947 0.629388 -0.710408 -0.265672 0.847467 0.150518 0.509061 0.0850122
0.515736 -0.701555 -0.491769 -0.138484 0.279966 0.680486 -0.677169 -0.272693 0.809713 0.211562 0.547363 0.0792479
0.596369 -0.64256 -0.481104 -0.120888 0.236817 0.713512 -0.659408 -0.277436 0.766982 0.279317 0.577685 0.0713396
0.642959 -0.600715 -0.475126 -0.111094 0.209691 0.734713 -0.645157 -0.281844 0.736636 0.31518 0.598355 0.0664626
0.7265 -0.525748 -0.442478 -0.0924135 0.166071 0.759162 -0.629359 -0.288656 0.666797 0.383746 0.638843 0.0552636
0.799355 -0.449589 -0.398624 -0.077896 0.129274 0.77657 -0.616625 -0.298987 0.586787 0.441371 0.678876 0.0421672
0.857429 -0.370721 -0.356906 -0.0639456 0.095165 0.795823 -0.598004 -0.30885 0.505726 0.478781 0.717642 0.0277523
0.904462 -0.280293 -0.321535 -0.0496012 0.0516797 0.820249 -0.569667 -0.315762 0.423412 0.498625 0.75637 0.0142535
0.929941 -0.209677 -0.302069 -0.0395833 0.00672214 0.831045 -0.556165 -0.318991 0.367648 0.51517 0.774232 0.00412299
0.950383 -0.133343 -0.281055 -0.0291874 -0.0437342 0.83723 -0.545099 -0.329481 0.307993 0.530344 0.789858 -0.0112774
0.965541 -0.0655458 -0.251862 -0.020813 -0.0847358 0.835856 -0.54237 -0.341207 0.246071 0.545022 0.801499 -0.0233011
0.973849 0.00956603 -0.226997 -0.0112883 -0.135517 0.826379 -0.546564 -0.352777 0.182357 0.563032 0.806065 -0.035152
0.961763 0.115938 -0.248135 -0.00608812 -0.23593 0.810847 -0.535597 -0.366802 0.139104 0.57366 0.807195 -0.0438281
0.937597 0.190228 -0.291077 -0.00299392 -0.319545 0.801465 -0.505515 -0.376452 0.137124 0.566981 0.812237 -0.0488554
0.921917 0.230998 -0.31098 -0.0021495 -0.360636 0.80491 -0.471234 -0.388079 0.141456 0.546589 0.825367 -0.0519132
0.903992 0.267556 -0.333486 -0.0011174 -0.399167 0.807608 -0.434091 -0.398301 0.153182 0.525531 0.83687 -0.0523481
0.874122 0.300428 -0.381647 -0.00452664 -0.443048 0.815199 -0.373039 -0.407857 0.199047 0.49517 0.845687 -0.0450348
0.850284 0.323355 -0.415282 -0.00587777 -0.469311 0.822967 -0.320113 -0.412021 0.238253 0.467083 0.85151 -0.039083
0.826255 0.3413 -0.448125 -0.00792206 -0.484726 0.836064 -0.256979 -0.416061 0.286954 0.429548 0.856239 -0.0322212
0.803107 0.355142 -0.478428 -0.0124566 -0.492959 0.847055 -0.198721 -0.421236 0.33468 0.395439 0.855346 -0.0265454
0.783064 0.357241 -0.509107 -0.0163849 -0.49061 0.85791 -0.152619 -0.423625 0.382246 0.369283 0.847064 -0.0176396
0.755906 0.336448 -0.561612 -0.0218444 -0.471867 0.874637 -0.111138 -0.421704 0.453815 0.349016 0.819902 -0.00391546
0.734758 0.307756 -0.604497 -0.0257695 -0.446916 0.890028 -0.0900962 -0.421186 0.510292 0.336358 0.791496 0.00668358
0.708775 0.278117 -0.648297 -0.031127 -0.406353 0.912181 -0.0529391 -0.417217 0.576641 0.300959 0.759545 0.0175322
0.68595 0.246147 -0.684751 -0.03709 -0.35542 0.93449 -0.0201211 -0.409286 0.63494 0.257176 0.728499 0.0279678
0.673939 0.216071 -0.706484 -0.0399715 -0.301983 0.953307 0.003488 -0.400843 0.674249 0.210995 0.707721 0.0365047
0.673251 0.183921 -0.716175 -0.0434443 -0.239567 0.970582 0.0240467 -0.392778 0.699529 0.155382 0.697507 0.0426267
0.66927 0.140169 -0.729678 -0.0469414 -0.174322 0.984256 0.0291815 -0.38042 0.72228 0.107669 0.683168 0.0496118
0.669989 0.0723159 -0.73884 -0.0496199 -0.0830382 0.996299 0.0222153 -0.368721 0.737712 0.046468 0.673514 0.0534182
0.66107 -0.0217802 -0.750008 -0.0533489 0.030024 0.999546 -0.00256302 -0.34939 0.749724 -0.0208239 0.661423 0.055447
0.654275 -0.119519 -0.746753 -0.0553827 0.127267 0.990751 -0.0470646 -0.332912 0.745471 -0.064244 0.663434 0.0560837
0.652521 -0.216521 -0.726179 -0.0591433 0.224664 0.9705 -0.087493 -0.314994 0.723701 -0.106055 0.681916 0.0540273
0.648948 -0.299791 -0.699279 -0.0620785 0.317611 0.941928 -0.109067 -0.301283 0.691368 -0.15132 0.706479 0.0519175
0.640412 -0.368392 -0.673913 -0.0652456 0.415266 0.904223 -0.0996676 -0.285184 0.646085 -0.216025 0.732057 0.0464965
0.614629 -0.426905 -0.663312 -0.0692679 0.508701 0.857189 -0.0803184 -0.266534 0.602872 -0.288061 0.74402 0.0393079
0.581927 -0.499287 -0.64193 -0.0736477 0.59788 0.797735 -0.078476 -0.249502 0.551272 -0.33813 0.762737 0.0318332
0.550986 -0.578253 -0.601696 -0.0830257 0.67555 0.732372 -0.085223 -0.231242 0.489946 -0.359519 0.794165 0.0225214
0.508012 -0.65753 -0.556398 -0.0898835 0.742553 0.66167 -0.103958 -0.217179 0.436507 -0.360343 0.824387 0.0140888
0.46841 -0.714213 -0.520088 -0.0961366 0.797716 0.594928 -0.0985361 -0.206401 0.379791 -0.368728 0.84841 0.0067355
0.419872 -0.75433 -0.504672 -0.105214 0.847684 0.524605 -0.078877 -0.193561 0.324253 -0.394684 0.8597 -0.00267719
0.362761 -0.793014 -0.489421 -0.112548 0.888576 0.452601 -0.0747371 -0.182671 0.28078 -0.407776 0.868839 -0.00787389
0.309307 -0.830287 -0.463631 -0.120515 0.916176 0.390836 -0.0887062 -0.174952 0.254855 -0.39733 0.881577 -0.0122228
0.231475 -0.875739 -0.423675 -0.133756 0.941401 0.311458 -0.12945 -0.164182 0.245322 -0.368884 0.896517 -0.0145425
0.166357 -0.898636 -0.40593 -0.144641 0.950908 0.255147 -0.175138 -0.158646 0.260957 -0.356867 0.896966 -0.0139552
0.109697 -0.908265 -0.40376 -0.157557 0.951036 0.214 -0.223012 -0.152475 0.288958 -0.359526 0.887268 -0.0101884
0.0533934 -0.922701 -0.3818 -0.167474 0.941607 0.173815 -0.288381 -0.149636 0.332452 -0.344108 0.878103 -0.00284609
0.00185802 -0.942109 -0.335301 -0.178794 0.920579 0.132565 -0.367371 -0.148611 0.390553 -0.307989 0.867532 0.00543155
-0.0251607 -0.958881 -0.282691 -0.186371 0.88405 0.110677 -0.454099 -0.149475 0.466715 -0.261338 0.844914 0.0143318
-0.0257843 -0.968043 -0.249454 -0.195403 0.847668 0.111101 -0.518763 -0.146911 0.5299 -0.22483 0.817715 0.0254473
-0.0107294 -0.971059 -0.238598 -0.200605 0.810225 0.131397 -0.571201 -0.148134 0.586021 -0.199446 0.785366 0.033232
0.0179256 -0.965975 -0.258015 -0.202751 0.775474 0.176325 -0.606259 -0.152594 0.631126 -0.189216 0.752248 0.0401087
0.0648964 -0.953042 -0.295803 -0.202505 0.739881 0.244862 -0.626593 -0.157148 0.669601 -0.178195 0.721028 0.0477087
0.127237 -0.930448 -0.343624 -0.196807 0.706081 0.328276 -0.627443 -0.163589 0.696607 -0.162792 0.69874 0.0504146
0.2097 -0.897955 -0.386915 -0.192176 0.664545 0.421158 -0.617256 -0.167696 0.717221 -0.127684 0.685049 0.0560492
0.285454 -0.857134 -0.428763 -0.186787 0.625928 0.505519 -0.593856 -0.173038 0.725762 -0.0988556 0.680806 0.0591087
0.350662 -0.814562 -0.462088 -0.176954 0.587912 0.575548 -0.568422 -0.182974 0.728969 -0.072343 0.680713 0.0581782
0.420943 -0.768136 -0.482466 -0.167596 0.551329 0.639022 -0.536365 -0.195414 0.720308 -0.0402185 0.692488 0.0566005
0.493283 -0.712089 -0.4996 -0.156498 0.514005 0.701957 -0.493006 -0.207097 0.701762 -0.0136058 0.712281 0.0523346
0.56155 -0.651948 -0.509534 -0.145697 0.475523 0.75822 -0.446073 -0.216203 0.677155 0.00819678 0.735795 0.0493642
0.625862 -0.586509 -0.514105 -0.133651 0.4368 0.809677 -0.391956 -0.227479 0.646144 0.0207494 0.762933 0.0454824
0.676767 -0.527272 -0.51378 -0.123863 0.402148 0.849335 -0.341916 -0.237361 0.616655 0.0247821 0.786844 0.039974
0.717137 -0.474321 -0.510621 -0.111722 0.359883 0.879459 -0.311505 -0.250084 0.596824 0.0396279 0.801393 0.033739
0.758835 -0.425345 -0.493205 -0.101422 0.316754 0.902714 -0.291159 -0.263067 0.569067 0.0647168 0.819741 0.0273127
0.802689 -0.357464 -0.477398 -0.0915988 0.258651 0.929926 -0.261413 -0.270752 0.537391 0.086354 0.8389 0.0238311
0.837231 -0.277382 -0.471279 -0.0797223 0.190177 0.955702 -0.224648 -0.281768 0.512715 0.0984554 0.852895 0.0193549
0.85238 -0.221353 -0.473763 -0.0736223 0.147165 0.970914 -0.18886 -0.287077 0.501788 0.0912593 0.860163 0.0181649
0.86864 -0.129203 -0.478301 -0.0627431 0.0727026 0.988188 -0.134903 -0.300756 0.490081 0.0824084 0.867773 0.0115918
0.882167 -0.0534359 -0.467895 -0.0521078 0.00671233 0.994867 -0.100963 -0.31532 0.470889 0.085926 0.877998 0.00718589
0.89772 -0.00639483 -0.440519 -0.0427613 -0.0455154 0.993198 -0.107172 -0.332847 0.438208 0.116261 0.891323 0.000272126
0.892664 0.045393 -0.448431 -0.0300327 -0.100127 0.990027 -0.0990993 -0.354478 0.439461 0.133362 0.888307 -0.00312742
0.875861 0.0416682 -0.48076 -0.0205622 -0.0924518 0.9923 -0.082427 -0.376108 0.473624 0.116642 0.872969 0.000419426
0.851706 0.0164116 -0.523763 -0.0227094 -0.0704809 0.994015 -0.0834646 -0.380117 0.519258 0.108003 0.847765 0.0115119
0.818524 -0.0331096 -0.573517 -0.0276368 -0.0211716 0.995921 -0.0877114 -0.375024 0.574082 0.0839362 0.814485 0.0192442
0.794658 -0.0771129 -0.602139 -0.0313276 0.0165972 0.994288 -0.10543 -0.372335 0.60683 0.0737868 0.791399 0.023633
0.77395 -0.126008 -0.620584 -0.0371536 0.0577003 0.989958 -0.129049 -0.366049 0.630613 0.0640694 0.773448 0.0269885
0.756824 -0.186537 -0.626435 -0.0416316 0.102022 0.980378 -0.168676 -0.357098 0.645607 0.0637479 0.761004 0.0334467
0.737315 -0.245931 -0.629193 -0.0469699 0.145985 0.967378 -0.207046 -0.349026 0.659587 0.0608052 0.749165 0.0376565
0.698471 -0.329075 -0.635491 -0.0557715 0.226121 0.943995 -0.240297 -0.334909 0.678976 0.0241423 0.733764 0.0416309
0.668401 -0.388897 -0.634034 -0.0620086 0.286585 0.921262 -0.262955 -0.325126 0.686374 -0.00594564 0.727224 0.0430284
0.640163 -0.448227 -0.623926 -0.0724618 0.362526 0.89229 -0.269059 -0.308496 0.677323 -0.0539475 0.733705 0.042277
0.620011 -0.496562 -0.607463 -0.0776359 0.417226 0.864362 -0.280716 -0.296771 0.664461 -0.0794023 0.743093 0.042805
0.599699 -0.546681 -0.584381 -0.0828505 0.477351 0.830501 -0.287061 -0.283942 0.64226 -0.106805 0.759009 0.0405184
0.572246 -0.597723 -0.561482 -0.0878098 0.533094 0.791398 -0.299165 -0.272973 0.623174 -0.128127 0.771517 0.0376573
0.53916 -0.652411 -0.532603 -0.0940028 0.599903 0.741359 -0.300838 -0.259692 0.59112 -0.157311 0.791094 0.0339575
0.505079 -0.691726 -0.51615 -0.100369 0.657893 0.695656 -0.288513 -0.246888 0.558635 -0.193849 0.806443 0.0298528
0.466508 -0.730287 -0.499051 -0.106632 0.713245 0.644265 -0.276051 -0.23522 0.523117 -0.227166 0.821428 0.0256258
0.429531 -0.759409 -0.488673 -0.111762 0.765814 0.593089 -0.248544 -0.224631 0.478573 -0.267475 0.836316 0.0201652
0.394411 -0.785262 -0.477288 -0.118244 0.814372 0.53931 -0.214341 -0.212717 0.42572 -0.304151 0.852206 0.0129909
0.362975 -0.806039 -0.467494 -0.123587 0.855289 0.487301 -0.176121 -0.203032 0.36977 -0.335915 0.866274 0.00731177
0.352498 -0.811998 -0.465193 -0.126495 0.879948 0.456783 -0.13054 -0.193729 0.31849 -0.363331 0.875531 1.83939e-05
0.328865 -0.820875 -0.466918 -0.130436 0.903793 0.416956 -0.0964691 -0.186257 0.273873 -0.390272 0.879023 -0.0065034
0.297151 -0.829967 -0.472076 -0.134436 0.927647 0.368071 -0.0632009 -0.180551 0.226212 -0.41914 0.879289 -0.012948
0.246899 -0.846623 -0.471456 -0.14107 0.951993 0.302772 -0.0451529 -0.173004 0.180971 -0.437674 0.880733 -0.0181862
0.155252 -0.874868 -0.458805 -0.151197 0.977984 0.201672 -0.0536228 -0.164484 0.139441 -0.440379 0.886917 -0.0185795
0.0900674 -0.883987 -0.458754 -0.165035 0.987572 0.138842 -0.0736474 -0.159706 0.128797 -0.446419 0.885506 -0.0202208
0.0380137 -0.876585 -0.479743 -0.176006 0.991916 0.0912667 -0.0881653 -0.156489 0.121069 -0.472513 0.872968 -0.0200474
-0.0375052 -0.865112 -0.500174 -0.190108 0.993083 0.023462 -0.115046 -0.153456 0.111263 -0.501029 0.858248 -0.0187813
