-0.214613 -0.676335 -0.704636 -0.287355 -0.11191 0.733723 -0.670169 -0.336946 0.970267 -0.0649714 -0.233155 0.485576
-0.210345 -0.677267 -0.705028 -0.288351 -0.10897 0.732911 -0.671541 -0.336887 0.971535 -0.0644283 -0.227966 0.481945
-0.207362 -0.675081 -0.708002 -0.291496 -0.109107 0.735177 -0.669037 -0.338823 0.972161 -0.061485 -0.226104 0.485567
-0.220749 -0.673516 -0.705441 -0.290626 -0.114089 0.73615 -0.667134 -0.336627 0.968635 -0.0667862 -0.239345 0.484438
-0.209982 -0.677367 -0.70504 -0.28832 -0.107519 0.732742 -0.671959 -0.333494 0.971775 -0.0652943 -0.226692 0.484295
-0.209978 -0.678927 -0.703539 -0.288959 -0.102208 0.730882 -0.674808 -0.335323 0.972349 -0.0697878 -0.222861 0.486289
-0.212225 -0.674041 -0.707552 -0.289176 -0.106259 0.735669 -0.668955 -0.336769 0.971427 -0.0667854 -0.22775 0.48673
-0.217718 -0.675145 -0.704825 -0.288233 -0.104696 0.734136 -0.670882 -0.333064 0.97038 -0.072271 -0.23052 0.482203
-0.211052 -0.677821 -0.704284 -0.288634 -0.108089 0.732278 -0.672373 -0.332597 0.97148 -0.0657805 -0.227813 0.481337
-0.203632 -0.680196 -0.704179 -0.288686 -0.102457 0.730105 -0.67561 -0.330153 0.973672 -0.0654281 -0.218363 0.483443
-0.209804 -0.672465 -0.70977 -0.290306 -0.0972394 0.736678 -0.669216 -0.332486 0.972896 -0.0713868 -0.219948 0.485298
-0.207499 -0.678463 -0.704721 -0.289585 -0.0979648 0.731191 -0.675102 -0.331061 0.973318 -0.0710449 -0.218187 0.480484
-0.205049 -0.677905 -0.705974 -0.290188 -0.0922418 0.731475 -0.6756 -0.331534 0.974395 -0.0734112 -0.21252 0.482886
-0.208622 -0.674589 -0.708101 -0.289591 -0.0972366 0.734752 -0.67133 -0.333547 0.973151 -0.0712009 -0.21888 0.483001
-0.205144 -0.676865 -0.706944 -0.286139 -0.0999935 0.733021 -0.672816 -0.32968 0.973611 -0.0673339 -0.218057 0.480642
-0.201752 -0.676575 -0.708197 -0.288094 -0.0989657 0.733447 -0.672504 -0.333498 0.974424 -0.0655921 -0.214932 0.484755
-0.206198 -0.676562 -0.706928 -0.286715 -0.100087 0.733247 -0.672556 -0.331781 0.973378 -0.0679255 -0.218909 0.482103
-0.201134 -0.674974 -0.709898 -0.288003 -0.094444 0.734694 -0.671792 -0.33033 0.975 -0.0680747 -0.211519 0.480431
-0.204129 -0.677178 -0.706938 -0.287335 -0.0883432 0.73194 -0.675618 -0.327272 0.97495 -0.0754597 -0.209234 0.481237
-0.20147 -0.673053 -0.711625 -0.288104 -0.0958907 0.736585 -0.669512 -0.327633 0.97479 -0.0666486 -0.212939 0.483068
-0.21086 -0.672962 -0.708985 -0.287516 -0.0976382 0.736165 -0.669722 -0.325125 0.972628 -0.0719935 -0.220934 0.48081
-0.2061 -0.676586 -0.706933 -0.288101 -0.0858906 0.732163 -0.675693 -0.321782 0.974754 -0.0785415 -0.209011 0.481432
-0.208855 -0.67332 -0.709239 -0.288119 -0.0915671 0.735511 -0.671297 -0.323476 0.97365 -0.0752609 -0.215269 0.48249
-0.20566 -0.677405 -0.706276 -0.289112 -0.0910524 0.731818 -0.67539 -0.3225 0.974379 -0.0745923 -0.212185 0.482422
-0.210469 -0.673887 -0.708222 -0.284752 -0.0912696 0.73483 -0.672082 -0.321653 0.973331 -0.0768134 -0.216164 0.480069
-0.203779 -0.678235 -0.706025 -0.284305 -0.0909712 0.731155 -0.676119 -0.325975 0.974781 -0.0735505 -0.210694 0.482175
-0.210037 -0.676503 -0.705853 -0.283755 -0.0983346 0.732914 -0.673177 -0.328388 0.972736 -0.0719822 -0.220463 0.481658
-0.187135 -0.704101 -0.684998 -0.284158 -0.148084 0.709568 -0.688901 -0.334547 0.971109 -0.02748 -0.237051 0.483761
-0.175489 -0.735824 -0.654039 -0.281428 -0.201695 0.677129 -0.707684 -0.337831 0.963599 0.0077261 -0.267241 0.482484
-0.148827 -0.76705 -0.624087 -0.281424 -0.238802 0.640315 -0.730048 -0.342585 0.959596 0.0403822 -0.278469 0.486023
-0.131222 -0.789231 -0.599913 -0.281918 -0.279109 0.610079 -0.741554 -0.348341 0.951251 0.0701328 -0.300337 0.489123
-0.124555 -0.80914 -0.574263 -0.278909 -0.330123 0.579591 -0.745046 -0.355754 0.935684 0.0967781 -0.339306 0.487637
-0.0911647 -0.826873 -0.554951 -0.277116 -0.371288 0.545312 -0.751518 -0.361215 0.924032 0.137534 -0.356721 0.486203
-0.0560685 -0.842402 -0.535925 -0.276046 -0.418984 0.507071 -0.753214 -0.37047 0.906261 0.182312 -0.381383 0.488275
-0.018528 -0.848562 -0.528772 -0.268455 -0.480582 0.471321 -0.739526 -0.382429 0.876754 0.240416 -0.416536 0.484106
0.061125 -0.847729 -0.526895 -0.262566 -0.523475 0.422232 -0.740064 -0.393092 0.849846 0.321053 -0.417956 0.483672
0.112661 -0.834646 -0.539141 -0.255058 -0.553705 0.397806 -0.731548 -0.403667 0.825057 0.380942 -0.41733 0.481868
0.170009 -0.81245 -0.557694 -0.244856 -0.589011 0.369936 -0.71848 -0.412935 0.79004 0.450636 -0.41565 0.475624
0.220248 -0.786329 -0.577215 -0.238346 -0.602807 0.355505 -0.714311 -0.416579 0.766887 0.505275 -0.395705 0.471895
0.268382 -0.755339 -0.597858 -0.232129 -0.616911 0.341898 -0.708891 -0.421498 0.739859 0.559079 -0.374218 0.470921
0.325741 -0.702858 -0.632363 -0.222097 -0.64061 0.327832 -0.694367 -0.429167 0.69535 0.631282 -0.343469 0.46568
0.363015 -0.662808 -0.654909 -0.212105 -0.656112 0.317238 -0.684746 -0.433087 0.661618 0.678266 -0.319714 0.456075
0.407895 -0.620584 -0.669699 -0.203026 -0.672393 0.292032 -0.680151 -0.438813 0.617665 0.727731 -0.298158 0.448241
0.451627 -0.577211 -0.680338 -0.19521 -0.678667 0.272749 -0.681923 -0.44387 0.579175 0.769698 -0.268553 0.444003
0.489399 -0.536579 -0.687439 -0.186974 -0.682005 0.255764 -0.685167 -0.447552 0.543468 0.804157 -0.240779 0.440069
0.501759 -0.478334 -0.720718 -0.176596 -0.703257 0.25955 -0.661863 -0.456193 0.503654 0.838946 -0.20616 0.427119
0.511086 -0.425373 -0.746893 -0.169284 -0.722393 0.258299 -0.641428 -0.461536 0.465768 0.867375 -0.175274 0.416851
0.517405 -0.374793 -0.7693 -0.164212 -0.739734 0.256067 -0.622273 -0.465958 0.430216 0.891044 -0.144757 0.410137
0.520192 -0.321014 -0.791423 -0.158788 -0.756471 0.256946 -0.60144 -0.469801 0.396423 0.911553 -0.109177 0.405015
0.509694 -0.263489 -0.819015 -0.155747 -0.775253 0.272151 -0.570015 -0.477792 0.373089 0.925477 -0.0655564 0.39558
0.49911 -0.195534 -0.844189 -0.149505 -0.785822 0.308447 -0.536045 -0.481834 0.365202 0.930928 0.000293801 0.382715
0.472527 -0.138245 -0.870406 -0.147032 -0.797072 0.354344 -0.488995 -0.486665 0.376025 0.92484 0.0572456 0.374342
0.442916 -0.104846 -0.890412 -0.149907 -0.80115 0.399542 -0.445561 -0.490974 0.402472 0.910699 0.092966 0.370971
0.412725 -0.0500097 -0.909482 -0.150372 -0.804928 0.447313 -0.389875 -0.489463 0.42632 0.892978 0.144363 0.370714
0.382357 -0.00130478 -0.924014 -0.152551 -0.805551 0.4894 -0.334028 -0.488499 0.452649 0.872058 0.186075 0.36905
0.362459 0.0191397 -0.931803 -0.157955 -0.794869 0.528371 -0.29834 -0.492428 0.486627 0.848798 0.206726 0.368127
0.34802 0.0400894 -0.936629 -0.161614 -0.769654 0.582659 -0.261039 -0.487781 0.535271 0.811727 0.233632 0.370941
0.355175 0.0422259 -0.933846 -0.161069 -0.717127 0.653127 -0.243216 -0.478211 0.59965 0.75607 0.262256 0.377706
0.354124 0.0380193 -0.934425 -0.161689 -0.671386 0.705899 -0.225718 -0.470123 0.651028 0.707292 0.275502 0.383146
0.370087 0.0294157 -0.928531 -0.158123 -0.602457 0.76843 -0.215779 -0.458655 0.707164 0.639258 0.302107 0.386982
0.389579 0.00854609 -0.920953 -0.159817 -0.542415 0.810267 -0.221932 -0.443213 0.744322 0.585998 0.320299 0.396495
0.40609 -0.03603 -0.913122 -0.15903 -0.484083 0.839027 -0.248391 -0.434348 0.775083 0.542896 0.323279 0.401458
0.408537 -0.0971235 -0.907559 -0.159733 -0.398784 0.875406 -0.273195 -0.418762 0.821017 0.473531 0.318905 0.405841
0.413347 -0.147411 -0.898562 -0.158792 -0.33666 0.892146 -0.301225 -0.408367 0.846052 0.42702 0.319138 0.407588
0.428224 -0.203388 -0.880487 -0.159096 -0.264783 0.903339 -0.337444 -0.393111 0.864011 0.377639 0.332978 0.412583
0.435702 -0.244447 -0.866262 -0.159339 -0.215509 0.906091 -0.36408 -0.383825 0.87391 0.345318 0.342105 0.415915
0.422893 -0.293026 -0.857495 -0.160525 -0.157865 0.907982 -0.388134 -0.372726 0.892323 0.299508 0.33772 0.418281
0.410371 -0.348193 -0.842827 -0.166369 -0.101818 0.900961 -0.421784 -0.364433 0.906217 0.258903 0.334276 0.418302
0.401741 -0.405563 -0.82105 -0.170293 -0.0471884 0.886225 -0.460846 -0.354738 0.914537 0.223885 0.336895 0.418859
0.390266 -0.462417 -0.796155 -0.172689 -0.00315119 0.86405 -0.503396 -0.344546 0.920697 0.198967 0.335752 0.421191
0.376472 -0.511707 -0.772286 -0.175125 0.0400952 0.841835 -0.538244 -0.336942 0.92556 0.171669 0.337444 0.423593
0.359585 -0.55473 -0.750316 -0.176743 0.0847483 0.820192 -0.565776 -0.327541 0.929256 0.139857 0.341941 0.423992
0.330965 -0.604315 -0.724752 -0.188524 0.133755 0.790324 -0.597911 -0.320489 0.934115 0.100949 0.3424 0.425478
0.307939 -0.665298 -0.680112 -0.194771 0.166879 0.741537 -0.649826 -0.310945 0.936656 0.0866102 0.339373 0.425979
0.280192 -0.718368 -0.636741 -0.198853 0.192822 0.691909 -0.69576 -0.302308 0.940379 0.0721688 0.332384 0.430316
0.24903 -0.762152 -0.597585 -0.206427 0.207393 0.644677 -0.735785 -0.298869 0.94603 0.0592972 0.318609 0.432653
0.242227 -0.797259 -0.552906 -0.21004 0.190296 0.597848 -0.778694 -0.297402 0.951375 0.0834046 0.29653 0.436553
0.261964 -0.805485 -0.531572 -0.209486 0.144117 0.577282 -0.803726 -0.295981 0.954256 0.133939 0.267311 0.439547
0.290131 -0.795153 -0.5325 -0.20796 0.0920643 0.577044 -0.811507 -0.29781 0.952548 0.186419 0.240623 0.44269
0.342373 -0.785214 -0.515965 -0.204852 0.029393 0.557836 -0.82943 -0.302377 0.939104 0.268808 0.214068 0.447083
0.38548 -0.779056 -0.494445 -0.200777 -0.0265988 0.526254 -0.849911 -0.306069 0.922333 0.340776 0.182139 0.448177
0.420368 -0.771515 -0.477551 -0.196409 -0.0655252 0.499126 -0.864049 -0.310192 0.904985 0.39451 0.159263 0.447441
0.454296 -0.762145 -0.461249 -0.191785 -0.11112 0.465239 -0.878183 -0.313405 0.883894 0.450209 0.126666 0.447438
0.511467 -0.718593 -0.471196 -0.188451 -0.153327 0.463229 -0.872874 -0.323102 0.845513 0.518694 0.126747 0.447036
0.552752 -0.66714 -0.499389 -0.180954 -0.166945 0.498462 -0.850685 -0.326078 0.816453 0.553588 0.16415 0.44358
0.596425 -0.608014 -0.524019 -0.173572 -0.166612 0.544848 -0.821816 -0.327336 0.785186 0.577459 0.223659 0.43717
0.637286 -0.553353 -0.536346 -0.166671 -0.161597 0.584555 -0.795099 -0.327027 0.753494 0.593377 0.283108 0.431115
0.668495 -0.50932 -0.541948 -0.160733 -0.161149 0.612193 -0.774113 -0.330104 0.726048 0.604825 0.327171 0.426215
0.706946 -0.468486 -0.529857 -0.155007 -0.150439 0.632413 -0.759883 -0.336184 0.691083 0.616907 0.376603 0.417819
0.732181 -0.425851 -0.531566 -0.148673 -0.149369 0.661049 -0.735325 -0.334727 0.66453 0.61779 0.420399 0.411088
0.754199 -0.378866 -0.536324 -0.143044 -0.146645 0.698955 -0.699969 -0.331543 0.640061 0.606566 0.471593 0.406783
0.772422 -0.325506 -0.545353 -0.137252 -0.140508 0.749816 -0.646555 -0.333822 0.619372 0.57604 0.533438 0.397327
0.793363 -0.28911 -0.535714 -0.132161 -0.12799 0.781135 -0.611103 -0.335743 0.595141 0.553393 0.582721 0.387034
0.801772 -0.265814 -0.535262 -0.124961 -0.104396 0.819575 -0.563381 -0.331398 0.588442 0.507582 0.629362 0.377187
0.794442 -0.273271 -0.542389 -0.126302 -0.0688016 0.846812 -0.527423 -0.330133 0.603431 0.456324 0.653942 0.37187
0.776424 -0.297357 -0.555647 -0.124445 -0.0294057 0.863631 -0.503266 -0.326778 0.629524 0.407087 0.6618 0.370307
0.746099 -0.319636 -0.584098 -0.127968 -0.00224676 0.876026 -0.482258 -0.32151 0.665832 0.361124 0.652884 0.373848
0.720847 -0.361695 -0.591233 -0.133713 0.0492909 0.877627 -0.476804 -0.313138 0.69134 0.31456 0.650463 0.37769
0.675968 -0.419298 -0.606017 -0.139938 0.105501 0.868944 -0.483536 -0.304761 0.72934 0.262919 0.631614 0.380551
0.637057 -0.468093 -0.612412 -0.148686 0.158358 0.857028 -0.490332 -0.298027 0.754375 0.215389 0.620102 0.38307
0.590843 -0.513158 -0.622554 -0.154843 0.213104 0.843507 -0.493035 -0.290164 0.778133 0.158637 0.607736 0.383826
0.538265 -0.544185 -0.643532 -0.163903 0.266596 0.83432 -0.482532 -0.281882 0.799498 0.0881673 0.594163 0.382082
0.477027 -0.594586 -0.647235 -0.170678 0.332248 0.803774 -0.493517 -0.269977 0.813668 0.0203783 0.580972 0.378994
0.414951 -0.627721 -0.658621 -0.175794 0.384425 0.777055 -0.4984 -0.262209 0.824642 -0.0463787 0.563751 0.374824
0.357933 -0.643806 -0.676312 -0.184328 0.425895 0.757133 -0.495341 -0.253138 0.830962 -0.11074 0.545197 0.371428
0.307597 -0.650399 -0.694525 -0.189743 0.46051 0.740493 -0.489491 -0.245442 0.832655 -0.169269 0.527288 0.366741
0.23524 -0.669684 -0.704404 -0.196739 0.509726 0.702083 -0.497251 -0.23004 0.827551 -0.24208 0.506514 0.358494
0.193378 -0.673655 -0.713298 -0.202225 0.558047 0.673486 -0.484767 -0.218528 0.806962 -0.30431 0.506169 0.345638
0.195837 -0.682684 -0.703982 -0.200711 0.611271 0.646331 -0.456732 -0.207085 0.766809 -0.340879 0.54388 0.328352
0.199312 -0.702401 -0.683307 -0.198075 0.65561 0.613834 -0.439753 -0.198428 0.72832 -0.360335 0.582845 0.311828
0.213763 -0.729739 -0.649451 -0.196218 0.686326 0.585284 -0.43174 -0.192397 0.69517 -0.353445 0.625951 0.294727
0.238857 -0.760535 -0.603767 -0.189407 0.703409 0.564159 -0.432366 -0.184886 0.66945 -0.321422 0.66972 0.275425
0.284156 -0.768806 -0.572881 -0.178059 0.714113 0.56841 -0.408598 -0.178121 0.639764 -0.292996 0.710532 0.255509
0.349111 -0.757406 -0.551777 -0.167495 0.707113 0.599309 -0.37526 -0.173756 0.614909 -0.259161 0.744797 0.234795
0.420453 -0.734614 -0.532506 -0.155699 0.688131 0.640705 -0.340548 -0.171435 0.59135 -0.22325 0.774897 0.218662
0.49064 -0.708608 -0.507097 -0.144505 0.653988 0.684038 -0.323098 -0.167679 0.575823 -0.17311 0.799037 0.204922
0.567689 -0.671196 -0.476681 -0.131148 0.6114 0.731488 -0.301851 -0.16502 0.551288 -0.120086 0.825627 0.192208
0.632242 -0.632062 -0.448071 -0.116934 0.56726 0.771555 -0.287956 -0.164584 0.527717 -0.0721154 0.846353 0.176396
0.694295 -0.590226 -0.411811 -0.10276 0.522377 0.806891 -0.27577 -0.166101 0.495053 -0.0236552 0.868541 0.161778
0.755911 -0.538634 -0.372118 -0.0906062 0.470377 0.842192 -0.263548 -0.169215 0.455351 0.0241826 0.889984 0.144648
0.820575 -0.475125 -0.317669 -0.0771804 0.405514 0.875671 -0.262217 -0.171168 0.40276 0.0863493 0.911224 0.128628
0.851532 -0.442248 -0.281622 -0.070691 0.375066 0.889144 -0.2622 -0.17253 0.36636 0.117645 0.923006 0.120531
0.894183 -0.383809 -0.230495 -0.0603918 0.322824 0.909464 -0.262031 -0.179053 0.310196 0.159894 0.93713 0.10315
0.923255 -0.329922 -0.196855 -0.0488268 0.274826 0.925203 -0.261666 -0.186063 0.26846 0.187484 0.94487 0.0863714
0.949369 -0.247939 -0.192938 -0.0342939 0.198954 0.949773 -0.241556 -0.200334 0.243138 0.19094 0.951013 0.0675314
0.971946 -0.152157 -0.17936 -0.0229001 0.108432 0.966562 -0.232378 -0.212632 0.20872 0.206411 0.955945 0.0495915
0.982634 -0.0872145 -0.163781 -0.0175617 0.051157 0.975781 -0.212685 -0.223621 0.178363 0.200613 0.963297 0.0363442
0.991596 -0.00850944 -0.12909 -0.0111832 -0.0142654 0.984558 -0.174479 -0.236253 0.128582 0.174854 0.976162 0.0255409
0.992511 0.0557718 -0.108683 -0.00346922 -0.071568 0.986493 -0.147342 -0.250933 0.0989972 0.154016 0.983096 0.0153149
0.985263 0.145962 -0.0891758 0.00123884 -0.15894 0.973911 -0.161976 -0.268699 0.063207 0.173763 0.982757 -1.56686e-05
0.973185 0.218153 -0.0729429 0.00842672 -0.227692 0.95865 -0.170723 -0.289888 0.0326829 0.182754 0.982615 -0.0160332
0.96433 0.25002 -0.0869347 0.0206851 -0.260521 0.954596 -0.144484 -0.317988 0.0468637 0.161979 0.985681 -0.0273325
0.971284 0.203103 -0.123925 0.0300985 -0.218336 0.967828 -0.125053 -0.328241 0.094539 0.148519 0.98438 -0.0272283
0.978497 0.134772 -0.156143 0.0377131 -0.151145 0.983624 -0.0981824 -0.331297 0.140354 0.119671 0.982843 -0.0213037
0.977986 0.0835097 -0.191234 0.0365872 -0.101983 0.990808 -0.0888727 -0.326713 0.182054 0.106419 0.977513 -0.0146353
0.97435 0.013592 -0.224627 0.0370305 -0.0317542 0.996491 -0.0774413 -0.321953 0.222786 0.0825878 0.971363 -0.00814232
0.962078 -0.0538622 -0.267403 0.0334175 0.0379823 0.997213 -0.0642106 -0.314366 0.270117 0.051619 0.961443 0.000974982
0.945127 -0.122984 -0.302672 0.0327973 0.116076 0.992403 -0.0407835 -0.306455 0.305389 0.00341273 0.952222 0.00776847
0.920886 -0.179864 -0.345859 0.0313426 0.184474 0.982637 -0.0198398 -0.29855 0.343422 -0.0455317 0.938077 0.0158903
0.895311 -0.223148 -0.385517 0.0238495 0.241144 0.970488 -0.00172019 -0.288167 0.374523 -0.0914251 0.922699 0.0214655
0.862626 -0.280649 -0.420848 0.0185523 0.310467 0.950581 0.00246349 -0.278972 0.399359 -0.132784 0.907128 0.026589
0.827265 -0.338289 -0.448546 0.0106214 0.375802 0.926682 -0.00579482 -0.268439 0.41762 -0.16377 0.893741 0.0301414
0.782307 -0.418106 -0.461718 0.00345141 0.45759 0.888676 -0.029423 -0.257987 0.42262 -0.18826 0.886539 0.0318444
0.738316 -0.488238 -0.465311 -0.00482239 0.52656 0.848378 -0.054678 -0.246667 0.421455 -0.204644 0.883457 0.0312683
0.679643 -0.564287 -0.468685 -0.0207179 0.60611 0.791885 -0.0744906 -0.230617 0.413179 -0.233448 0.880219 0.029656
0.609913 -0.633725 -0.475813 -0.0368888 0.687404 0.721828 -0.080249 -0.213473 0.394311 -0.278131 0.875878 0.0257155
0.55364 -0.691248 -0.46439 -0.0471989 0.742569 0.6622 -0.100408 -0.203661 0.376927 -0.289252 0.87992 0.018993
0.492373 -0.750744 -0.440401 -0.0598155 0.790738 0.597281 -0.134121 -0.192911 0.363734 -0.282204 0.887727 0.0140499
0.448233 -0.789458 -0.419336 -0.0719992 0.818025 0.551399 -0.163689 -0.183541 0.360447 -0.269657 0.892952 0.0107928
0.401195 -0.826472 -0.394952 -0.0856398 0.841476 0.502884 -0.19755 -0.173371 0.361885 -0.253086 0.897211 0.00697371
0.346878 -0.867419 -0.356734 -0.0996936 0.86386 0.443606 -0.238661 -0.164734 0.365269 -0.225382 0.903206 0.00335131
0.284832 -0.909844 -0.301754 -0.113719 0.882319 0.371887 -0.288468 -0.15909 0.374679 -0.184078 0.908697 0.000512562
0.226819 -0.938893 -0.258906 -0.126523 0.891703 0.307106 -0.332492 -0.154205 0.391686 -0.155451 0.906872 -0.00046624
0.184706 -0.950877 -0.248428 -0.141607 0.881012 0.272224 -0.386926 -0.149766 0.435548 -0.147401 0.888015 -0.00217037
0.151657 -0.956109 -0.25071 -0.15714 0.849663 0.255703 -0.461181 -0.144464 0.505047 -0.143078 0.85115 -0.000763874
0.177194 -0.946957 -0.268096 -0.162152 0.821078 0.292428 -0.490221 -0.146085 0.542616 -0.133263 0.829342 0.00152465
0.225082 -0.926467 -0.301657 -0.16127 0.800658 0.3523 -0.484595 -0.14833 0.555235 -0.132451 0.821079 0.00143352
0.28919 -0.893682 -0.343077 -0.157314 0.775788 0.428761 -0.462944 -0.148928 0.560822 -0.132276 0.817301 0.00281345
0.358428 -0.850827 -0.384218 -0.150661 0.754634 0.506349 -0.417299 -0.150018 0.549597 -0.140372 0.823552 0.00203854
0.424778 -0.809862 -0.404582 -0.14313 0.732041 0.570203 -0.372807 -0.152602 0.532616 -0.13781 0.835062 -6.81909e-05
0.487469 -0.776685 -0.398916 -0.135987 0.703433 0.619997 -0.347543 -0.156309 0.517258 -0.111195 0.848575 -0.0011481
0.54594 -0.747609 -0.378194 -0.128541 0.662351 0.661555 -0.351621 -0.160857 0.513071 -0.0585333 0.856348 -0.00373587
0.600646 -0.720201 -0.347181 -0.123406 0.62123 0.693758 -0.36438 -0.160863 0.503287 0.00318422 0.864114 -0.00238192
0.66647 -0.664571 -0.337881 -0.111327 0.568081 0.746186 -0.347117 -0.168491 0.482806 0.0393994 0.874841 -0.00441774
0.705261 -0.615147 -0.352421 -0.103003 0.537421 0.788097 -0.300136 -0.176622 0.46237 0.0222757 0.886407 -0.00810211
0.747772 -0.539054 -0.38763 -0.0949557 0.496557 0.8416 -0.212463 -0.185982 0.440758 -0.0336061 0.896996 -0.011129
0.771114 -0.491706 -0.404485 -0.0902634 0.465899 0.868761 -0.167903 -0.192386 0.43396 -0.0589772 0.899 -0.0145372
0.791807 -0.449379 -0.413642 -0.0852533 0.440476 0.889304 -0.122963 -0.19663 0.42311 -0.0848368 0.902098 -0.0159135
0.828319 -0.376826 -0.414595 -0.0753386 0.388242 0.919592 -0.0601497 -0.208511 0.403925 -0.11114 0.908016 -0.019195
0.855201 -0.320919 -0.406992 -0.0691666 0.341245 0.939671 -0.0238953 -0.217297 0.390107 -0.118448 0.913119 -0.0220787
0.886227 -0.265705 -0.379476 -0.0582766 0.288652 0.957427 0.00373564 -0.234023 0.362328 -0.112847 0.925194 -0.0233168
0.910098 -0.177507 -0.374451 -0.0516146 0.197896 0.980086 0.0163776 -0.249559 0.364087 -0.0890076 0.927102 -0.0253129
0.926291 -0.0869997 -0.366628 -0.0458539 0.10144 0.994635 0.0202649 -0.267972 0.362898 -0.0559618 0.930147 -0.0250311
0.933597 -0.0372247 -0.356385 -0.0395414 0.0406352 0.999172 0.00208491 -0.285928 0.356012 -0.0164282 0.934337 -0.0235193
0.925427 -0.0385832 -0.376958 -0.0349339 0.0241288 0.998784 -0.0429938 -0.29391 0.378158 0.030692 0.925232 -0.0180866
0.908862 -0.10272 -0.40425 -0.037121 0.0869473 0.994567 -0.0572398 -0.295683 0.407934 0.0168746 0.912856 -0.0107042
0.889435 -0.168297 -0.424949 -0.0400922 0.156575 0.985677 -0.0626508 -0.286014 0.429407 -0.0108128 0.903046 -0.00268291
0.862882 -0.234685 -0.447614 -0.0427225 0.233366 0.970596 -0.0590184 -0.27978 0.448303 -0.0535319 0.892277 -0.00115292
0.8371 -0.302003 -0.456133 -0.0471743 0.299309 0.950779 -0.0802096 -0.273536 0.457906 -0.0693813 0.886289 -0.00141308
0.80792 -0.37878 -0.451432 -0.052075 0.369416 0.922392 -0.112807 -0.260572 0.459126 -0.075627 0.885146 0.0029528
0.772891 -0.45962 -0.43748 -0.0562477 0.4402 0.884936 -0.152023 -0.253326 0.457015 -0.0750812 0.886284 0.00521256
0.725207 -0.548341 -0.41641 -0.0631021 0.524472 0.831771 -0.181896 -0.241498 0.446099 -0.0864831 0.890796 0.00448475
0.67907 -0.620231 -0.392654 -0.0691826 0.596702 0.77794 -0.196866 -0.23339 0.427564 -0.100611 0.898369 0.00165196
0.627255 -0.67691 -0.385154 -0.0790261 0.663184 0.723529 -0.191555 -0.224799 0.408335 -0.135274 0.902753 -0.000519456
0.55699 -0.735621 -0.385517 -0.0923019 0.733244 0.65355 -0.187684 -0.207499 0.390019 -0.17814 0.903411 -0.0028277
0.490072 -0.786083 -0.376699 -0.101501 0.793489 0.581196 -0.180518 -0.198048 0.360838 -0.21044 0.908576 -0.00689226
0.45252 -0.813579 -0.365123 -0.11078 0.830189 0.533842 -0.160618 -0.190253 0.325593 -0.230439 0.916999 -0.0117775
0.415913 -0.831864 -0.36745 -0.117876 0.86191 0.48945 -0.132471 -0.182532 0.290047 -0.261612 0.920561 -0.0147922
0.363559 -0.861692 -0.353994 -0.122809 0.896803 0.426583 -0.117354 -0.178824 0.252131 -0.274798 0.927856 -0.0157393
0.31548 -0.89094 -0.326647 -0.133199 0.922329 0.368833 -0.115206 -0.17258 0.22312 -0.264931 0.938099 -0.0201843
0.253659 -0.913707 -0.317485 -0.140732 0.951605 0.294595 -0.0875325 -0.168064 0.173509 -0.279917 0.944215 -0.0248209
0.199227 -0.926942 -0.317943 -0.146332 0.970803 0.230923 -0.0649251 -0.164623 0.133602 -0.295725 0.945884 -0.0263056
0.141664 -0.941718 -0.30512 -0.15167 0.98524 0.164049 -0.0488845 -0.165333 0.0960902 -0.293691 0.951059 -0.0272027
0.15258 -0.946271 -0.285114 -0.150251 0.977721 0.186612 -0.0961177 -0.166283 0.144159 -0.264097 0.953662 -0.0221548
0.205487 -0.93772 -0.280099 -0.141975 0.960437 0.248199 -0.126325 -0.169016 0.187978 -0.24306 0.951623 -0.0154866
0.278429 -0.916356 -0.287697 -0.134361 0.929856 0.33219 -0.158169 -0.169978 0.240509 -0.223478 0.94457 -0.0107328
0.329007 -0.898363 -0.291028 -0.128062 0.903581 0.38904 -0.179414 -0.171981 0.2744 -0.203939 0.939741 -0.00797733
0.404737 -0.863853 -0.299912 -0.116746 0.859892 0.471119 -0.19655 -0.178973 0.311084 -0.178341 0.933499 -0.00592341
0.498038 -0.808755 -0.312848 -0.104242 0.798873 0.568246 -0.197229 -0.188265 0.337284 -0.151698 0.9291 -0.00282671
0.565921 -0.758103 -0.324058 -0.0949782 0.745193 0.638505 -0.19235 -0.194274 0.352734 -0.132631 0.926276 -0.00211451
0.62053 -0.709216 -0.334597 -0.0872145 0.69695 0.694359 -0.179238 -0.201372 0.359449 -0.121975 0.925159 -0.00246601
0.670366 -0.656743 -0.345394 -0.079976 0.64752 0.745073 -0.159952 -0.209822 0.362391 -0.116423 0.924726 -0.00437958
0.730526 -0.591846 -0.340661 -0.0679114 0.584351 0.799917 -0.136627 -0.222293 0.353363 -0.0992564 0.930206 -0.00498751
0.777529 -0.523988 -0.347686 -0.0613607 0.521327 0.846292 -0.109582 -0.231764 0.351663 -0.0960544 0.931186 -0.00665032
0.813862 -0.462838 -0.351298 -0.053844 0.467514 0.880616 -0.0771135 -0.239618 0.34505 -0.101477 0.933082 -0.00859536
0.845929 -0.395245 -0.358031 -0.044784 0.408601 0.911785 -0.0411431 -0.251186 0.342709 -0.111488 0.932803 -0.0111293
0.864462 -0.377425 -0.332047 -0.0326034 0.377647 0.923552 -0.0665889 -0.268716 0.331795 -0.0678329 0.940909 -0.0147602
0.875349 -0.371302 -0.309674 -0.0219236 0.380757 0.92413 -0.0317623 -0.278859 0.297973 -0.0901075 0.950312 -0.0167701
0.854179 -0.436467 -0.28262 -0.0213282 0.439789 0.896405 -0.0551723 -0.277815 0.277423 -0.0771662 0.957644 -0.0199843
0.825779 -0.495935 -0.268585 -0.0256838 0.498944 0.864408 -0.0620783 -0.27106 0.262954 -0.0827459 0.961254 -0.0220895
0.783522 -0.567131 -0.253882 -0.0274869 0.572374 0.817771 -0.0603256 -0.26527 0.24183 -0.0980488 0.965352 -0.0232469
0.737289 -0.631014 -0.241302 -0.0341173 0.638681 0.767468 -0.0554929 -0.251205 0.220208 -0.113201 0.968862 -0.0262751
0.699267 -0.673973 -0.238297 -0.0407937 0.689202 0.724117 -0.0255943 -0.239689 0.189804 -0.146337 0.970855 -0.0294754
0.65253 -0.721214 -0.232495 -0.044283 0.741719 0.67071 0.00115293 -0.230496 0.155105 -0.173198 0.972597 -0.0327774
0.589742 -0.776863 -0.220654 -0.0562945 0.797563 0.603182 0.00800677 -0.213479 0.126874 -0.180707 0.975319 -0.034584
0.526684 -0.822248 -0.215667 -0.0668241 0.844796 0.53449 0.0253032 -0.199079 0.0944661 -0.195521 0.976139 -0.0351279
0.477179 -0.853427 -0.209674 -0.0724033 0.87656 0.47926 0.044176 -0.192782 0.0627875 -0.204872 0.976773 -0.0352913
0.412865 -0.885723 -0.212217 -0.0843532 0.90987 0.411578 0.0523501 -0.181501 0.0409762 -0.214704 0.975819 -0.0359176
0.325337 -0.921721 -0.211156 -0.0989973 0.945511 0.32013 0.0593813 -0.172795 0.0128644 -0.218969 0.975647 -0.037788
0.267223 -0.937762 -0.2218 -0.110058 0.963495 0.256099 0.0780371 -0.167241 -0.0163776 -0.234556 0.971965 -0.0378636
0.202779 -0.951251 -0.232383 -0.118597 0.978031 0.185031 0.0960191 -0.161984 -0.0483403 -0.246748 0.967873 -0.0400629
0.121298 -0.960249 -0.251414 -0.135889 0.990878 0.102156 0.0878874 -0.154271 -0.0587104 -0.259781 0.963881 -0.0411359
0.0256182 -0.964954 -0.261165 -0.153066 0.996972 0.00547605 0.0775621 -0.14841 -0.0734137 -0.262361 0.962173 -0.040612
-0.0540296 -0.958453 -0.280086 -0.17063 0.993949 -0.0784858 0.0768417 -0.143276 -0.0956319 -0.27424 0.956895 -0.0393141
-0.136684 -0.945032 -0.29704 -0.185212 0.985793 -0.159309 0.0532247 -0.138677 -0.09762 -0.285545 0.953381 -0.0408519
-0.204889 -0.926674 -0.315111 -0.203651 0.975122 -0.221082 0.0161201 -0.138663 -0.0846036 -0.303969 0.948918 -0.0382457
-0.264672 -0.904203 -0.33521 -0.221568 0.961268 -0.275096 -0.0169393 -0.137347 -0.0768981 -0.32671 0.941991 -0.0331394
-0.337454 -0.871707 -0.355319 -0.2343 0.93894 -0.338643 -0.0609358 -0.138163 -0.067208 -0.354186 0.932757 -0.0312962
-0.367245 -0.852924 -0.371014 -0.24862 0.93012 -0.338052 -0.143521 -0.139022 -0.00300907 -0.397795 0.91747 -0.0263971
-0.386367 -0.840669 -0.379468 -0.256483 0.921034 -0.329723 -0.207315 -0.14011 0.0491636 -0.429603 0.901679 -0.0202051
-0.398774 -0.828519 -0.393109 -0.262334 0.910069 -0.304748 -0.280895 -0.141338 0.112928 -0.46977 0.875536 -0.01361
-0.405926 -0.816984 -0.409586 -0.267839 0.899617 -0.278263 -0.33654 -0.144336 0.160975 -0.505081 0.847927 -0.00727324
-0.407035 -0.812586 -0.417164 -0.27032 0.890284 -0.250811 -0.380117 -0.146105 0.204249 -0.526116 0.825521 -0.00205378
-0.400736 -0.810361 -0.427463 -0.27483 0.869506 -0.189347 -0.456187 -0.150842 0.288738 -0.554493 0.780492 0.00791662
-0.395753 -0.811803 -0.429367 -0.278647 0.842004 -0.134103 -0.522538 -0.155712 0.366619 -0.568325 0.736612 0.0165456
-0.391382 -0.815151 -0.427023 -0.282609 0.81142 -0.0868112 -0.57798 -0.158765 0.434071 -0.572706 0.695407 0.0260382
-0.387928 -0.81715 -0.426354 -0.283813 0.7769 -0.0410065 -0.628287 -0.165375 0.495922 -0.574965 0.650752 0.0344834
-0.386835 -0.824123 -0.413738 -0.284348 0.743702 -0.0135388 -0.668375 -0.1729 0.545222 -0.566248 0.618139 0.0419892
-0.371544 -0.845426 -0.383679 -0.284395 0.701343 0.0152039 -0.712662 -0.182485 0.608337 -0.533876 0.587285 0.0512349
-0.333215 -0.871528 -0.359732 -0.280027 0.672112 0.0480133 -0.738891 -0.191372 0.661236 -0.48799 0.569765 0.0588628
-0.278924 -0.897643 -0.34123 -0.275186 0.638254 0.0922108 -0.764284 -0.201155 0.717519 -0.430969 0.547204 0.0663837
-0.219333 -0.915546 -0.337149 -0.266543 0.601533 0.14517 -0.785547 -0.208688 0.768148 -0.375102 0.51889 0.0733116
-0.156908 -0.923936 -0.348886 -0.257412 0.562959 0.206577 -0.800252 -0.215209 0.811454 -0.321974 0.487724 0.079146
-0.0840325 -0.927873 -0.363304 -0.246794 0.521221 0.269809 -0.809649 -0.222366 0.849275 -0.257398 0.460954 0.0846174
-0.00391351 -0.923437 -0.383731 -0.233045 0.486567 0.333487 -0.807489 -0.228621 0.873634 -0.189871 0.448009 0.0882138
0.0884394 -0.909415 -0.406377 -0.217183 0.454439 0.39988 -0.795978 -0.236787 0.886377 -0.114278 0.448639 0.0911147
0.188286 -0.883274 -0.429389 -0.198802 0.419466 0.46765 -0.778044 -0.244988 0.88803 -0.0336197 0.458555 0.0916787
0.27542 -0.846677 -0.455282 -0.183403 0.383866 0.531065 -0.755392 -0.251987 0.881357 0.033283 0.471276 0.0899345
0.332829 -0.818563 -0.468166 -0.173477 0.358569 0.569037 -0.740017 -0.25672 0.872154 0.0784295 0.482903 0.0888765
0.42731 -0.762386 -0.485977 -0.156192 0.314962 0.629378 -0.71041 -0.265922 0.84747 0.150501 0.509062 0.0847821
0.51572 -0.701569 -0.491766 -0.137716 0.279982 0.680478 -0.67717 -0.27295 0.809717 0.211545 0.547363 0.0790128
0.596354 -0.642575 -0.481102 -0.120101 0.236834 0.713505 -0.659409 -0.277701 0.766988 0.2793 0.577685 0.0710996
0.642945 -0.600731 -0.475125 -0.110286 0.209709 0.734707 -0.645158 -0.282118 0.736644 0.315163 0.598355 0.0662174
0.726487 -0.525766 -0.442477 -0.0915853 0.166091 0.759158 -0.629359 -0.288937 0.666806 0.38373 0.638843 0.0550136
0.799344 -0.449609 -0.398624 -0.0770474 0.129294 0.776568 -0.616624 -0.299277 0.586798 0.441355 0.678876 0.0419122
0.857419 -0.370742 -0.356907 -0.0630765 0.0951857 0.795823 -0.598001 -0.309148 0.505739 0.478765 0.717643 0.0274923
0.904454 -0.280316 -0.321537 -0.0487117 0.0517008 0.820251 -0.569663 -0.316067 0.423427 0.49861 0.756371 0.0139886
0.929934 -0.209701 -0.302072 -0.0386734 0.00674353 0.831048 -0.55616 -0.319304 0.367664 0.515156 0.774234 0.00385306
0.950378 -0.133367 -0.281059 -0.0282569 -0.0437127 0.837235 -0.545094 -0.329802 0.30801 0.530331 0.78986 -0.0115523
0.965538 -0.0655713 -0.251866 -0.019862 -0.0847142 0.835861 -0.542364 -0.341536 0.246089 0.54501 0.801501 -0.0235809
0.973848 0.00953984 -0.227001 -0.0103168 -0.135496 0.826387 -0.546557 -0.353114 0.182376 0.563021 0.806068 -0.0354368
0.961765 0.115911 -0.24814 -0.00509607 -0.235909 0.810857 -0.535591 -0.367147 0.139125 0.573651 0.807198 -0.044118
0.937601 0.190201 -0.291082 -0.00198149 -0.319525 0.801476 -0.505509 -0.376805 0.137147 0.566973 0.812239 -0.0491503
0.921922 0.230971 -0.310986 -0.00111667 -0.360615 0.804922 -0.471229 -0.38844 0.141479 0.546582 0.825367 -0.0522132
0.903997 0.267529 -0.333493 -4.91461e-05 -0.399146 0.807621 -0.434086 -0.398678 0.153205 0.525525 0.83687 -0.052634
0.874127 0.300402 -0.381656 -0.00342311 -0.443027 0.815213 -0.373035 -0.40825 0.19907 0.495164 0.845685 -0.0453065
0.850289 0.323329 -0.415292 -0.00473906 -0.46929 0.82298 -0.320109 -0.41243 0.238277 0.467078 0.851506 -0.0393406
0.826259 0.341275 -0.448137 -0.00674819 -0.484705 0.836077 -0.256976 -0.416487 0.286978 0.429543 0.856234 -0.0324648
0.80311 0.355118 -0.478441 -0.0112475 -0.492938 0.847067 -0.198718 -0.421677 0.334704 0.395434 0.855339 -0.0267749
0.783066 0.357216 -0.509121 -0.0151407 -0.490589 0.857922 -0.152617 -0.424082 0.382269 0.369278 0.847056 -0.0178551
0.755906 0.336424 -0.561627 -0.0205654 -0.471845 0.874649 -0.111137 -0.422177 0.453837 0.34901 0.819892 -0.00411716
0.734756 0.307732 -0.604512 -0.0244554 -0.446894 0.890039 -0.0900966 -0.421675 0.510313 0.336352 0.791485 0.00649582
0.708771 0.278092 -0.648312 -0.0297781 -0.406331 0.912191 -0.0529406 -0.417722 0.576662 0.300952 0.759532 0.0173583
0.685944 0.246124 -0.684766 -0.0357062 -0.355397 0.934499 -0.0201237 -0.409807 0.63496 0.257168 0.728485 0.0278076
0.673931 0.216048 -0.706499 -0.0385528 -0.30196 0.953314 0.00348478 -0.401381 0.674268 0.210986 0.707706 0.0363584
0.673241 0.183899 -0.71619 -0.0419907 -0.239543 0.970588 0.0240432 -0.393332 0.699547 0.155372 0.697491 0.0424943
0.669258 0.140148 -0.729693 -0.045453 -0.174299 0.98426 0.0291777 -0.38099 0.722297 0.107657 0.683152 0.0494931
0.669975 0.0722961 -0.738855 -0.0480966 -0.0830146 0.996301 0.0222113 -0.369307 0.737728 0.0464548 0.673498 0.0533134
0.661052 -0.0217984 -0.750023 -0.0517908 0.0300476 0.999545 -0.00256726 -0.349992 0.749738 -0.0208393 0.661407 0.0553559
0.654256 -0.119536 -0.746767 -0.0537897 0.127291 0.990748 -0.0470687 -0.33353 0.745484 -0.0642615 0.663418 0.0560063
0.6525 -0.216536 -0.726192 -0.0575153 0.224687 0.970495 -0.0874962 -0.315629 0.723712 -0.106075 0.681901 0.0539635
0.648927 -0.299805 -0.699293 -0.0604155 0.317633 0.94192 -0.109069 -0.301933 0.691378 -0.151341 0.706465 0.0518675
0.64039 -0.368404 -0.673928 -0.0635475 0.415288 0.904213 -0.0996689 -0.285851 0.646093 -0.216047 0.732043 0.0464602
0.614606 -0.426914 -0.663328 -0.0675349 0.508721 0.857177 -0.0803193 -0.267217 0.602879 -0.288084 0.744006 0.0392853
0.581903 -0.499293 -0.641947 -0.0718795 0.597899 0.797721 -0.0784761 -0.250201 0.551277 -0.338154 0.762723 0.0318243
0.550962 -0.578258 -0.601713 -0.0812225 0.675568 0.732356 -0.0852217 -0.231958 0.489949 -0.359544 0.794153 0.022526
0.507988 -0.657533 -0.556415 -0.0880451 0.742569 0.661653 -0.103955 -0.217911 0.436508 -0.360369 0.824376 0.014107
0.468386 -0.714215 -0.520107 -0.094263 0.797731 0.59491 -0.0985324 -0.20715 0.37979 -0.368754 0.848399 0.00676743
0.419849 -0.75433 -0.504691 -0.103305 0.847696 0.524586 -0.0788727 -0.194326 0.32425 -0.39471 0.85969 -0.00263163
0.362739 -0.793012 -0.48944 -0.110604 0.888587 0.45258 -0.0747323 -0.183452 0.280775 -0.407802 0.868829 -0.00781465
0.309284 -0.830284 -0.463651 -0.118536 0.916185 0.390815 -0.0887007 -0.175749 0.254849 -0.397356 0.881567 -0.0121498
0.231452 -0.875735 -0.423695 -0.131742 0.941409 0.311437 -0.129444 -0.164996 0.245313 -0.36891 0.896508 -0.014456
0.166334 -0.898631 -0.405949 -0.142592 0.950915 0.255125 -0.175131 -0.159476 0.260947 -0.356893 0.896958 -0.013855
0.109673 -0.908259 -0.403778 -0.155472 0.951043 0.213979 -0.223005 -0.153322 0.288946 -0.359553 0.887261 -0.0100747
0.0533685 -0.922696 -0.381817 -0.165355 0.941614 0.173794 -0.288374 -0.150499 0.332439 -0.344134 0.878098 -0.00271858
0.00183198 -0.942104 -0.335317 -0.176639 0.920585 0.132543 -0.367363 -0.14949 0.390538 -0.308015 0.867529 0.00557279
-0.0251881 -0.958876 -0.282704 -0.184181 0.884057 0.110656 -0.454091 -0.15037 0.4667 -0.261365 0.844914 0.0144869
-0.0258128 -0.968039 -0.249466 -0.193179 0.847676 0.111081 -0.518754 -0.147823 0.529885 -0.224857 0.817717 0.0256161
-0.0107587 -0.971056 -0.238608 -0.198346 0.810234 0.131377 -0.571193 -0.149061 0.586008 -0.199474 0.785369 0.0334147
0.0178956 -0.965973 -0.258025 -0.200457 0.775484 0.176305 -0.606252 -0.153537 0.631113 -0.189245 0.752251 0.0403055
0.0648659 -0.953042 -0.295811 -0.200176 0.739893 0.244842 -0.626587 -0.158108 0.66959 -0.178224 0.72103 0.0479196
0.127206 -0.930449 -0.343632 -0.194443 0.706094 0.328257 -0.627438 -0.164564 0.696599 -0.162823 0.698741 0.0506398
0.209669 -0.897958 -0.386923 -0.189777 0.664561 0.421141 -0.617252 -0.168687 0.717215 -0.127715 0.685048 0.0562887
0.285424 -0.857139 -0.428772 -0.184352 0.625944 0.505503 -0.593852 -0.174046 0.725759 -0.0988875 0.680804 0.0593624
0.350632 -0.814569 -0.462097 -0.174484 0.58793 0.575533 -0.568419 -0.183998 0.728969 -0.0723751 0.68071 0.0584463
0.420914 -0.768146 -0.482476 -0.16509 0.551348 0.639009 -0.536361 -0.196453 0.72031 -0.0402505 0.692483 0.0568831
0.493255 -0.712101 -0.499612 -0.153957 0.514025 0.701945 -0.493002 -0.208152 0.701768 -0.0136376 0.712275 0.0526318
0.561523 -0.651961 -0.509548 -0.14312 0.475544 0.758209 -0.446069 -0.217274 0.677163 0.00816555 0.735788 0.0496759
0.625837 -0.586523 -0.51412 -0.131039 0.436821 0.809668 -0.391951 -0.228566 0.646154 0.020719 0.762925 0.0458087
0.676743 -0.527287 -0.513797 -0.121215 0.40217 0.849327 -0.341911 -0.238464 0.616667 0.0247525 0.786835 0.0403147
0.717114 -0.474337 -0.510639 -0.109038 0.359905 0.879452 -0.3115 -0.251203 0.596838 0.0395992 0.801384 0.0340943
0.758813 -0.425362 -0.493224 -0.0987029 0.316776 0.902709 -0.291153 -0.264202 0.569083 0.0646889 0.819731 0.0276825
0.80267 -0.357481 -0.477419 -0.0888443 0.258673 0.929922 -0.261407 -0.271903 0.53741 0.0863275 0.838891 0.0242154
0.837213 -0.2774 -0.4713 -0.0769323 0.1902 0.955699 -0.22464 -0.282936 0.512736 0.0984307 0.852885 0.0197538
0.852363 -0.221371 -0.473785 -0.0707969 0.147187 0.970912 -0.188853 -0.28826 0.50181 0.0912359 0.860152 0.0185781
0.868624 -0.129221 -0.478325 -0.0598821 0.0727249 0.988187 -0.134896 -0.301956 0.490106 0.0823874 0.867761 0.0120196
0.882153 -0.0534542 -0.46792 -0.0492112 0.00673441 0.994868 -0.100956 -0.316536 0.470915 0.085907 0.877986 0.00762826
0.897708 -0.00641388 -0.440544 -0.039829 -0.0454937 0.9932 -0.107164 -0.334079 0.438236 0.116244 0.891312 0.000729111
0.892652 0.0453735 -0.448457 -0.0270647 -0.100105 0.99003 -0.0990907 -0.355726 0.43949 0.133346 0.888295 -0.00265564
0.875848 0.0416494 -0.480786 -0.0175588 -0.09243 0.992302 -0.0824191 -0.377371 0.473652 0.116626 0.872956 0.000905902
0.851691 0.0163931 -0.523788 -0.0196711 -0.0704588 0.994017 -0.0834577 -0.381396 0.519286 0.107986 0.847751 0.0120124
0.818507 -0.0331273 -0.573541 -0.0245635 -0.0211491 0.995922 -0.0877057 -0.376319 0.574107 0.0839176 0.814468 0.0197585
0.794639 -0.0771302 -0.602163 -0.0282193 0.0166199 0.994288 -0.105425 -0.373647 0.606855 0.0737668 0.791382 0.0241611
0.773929 -0.126025 -0.620606 -0.0340104 0.057723 0.989957 -0.129044 -0.367377 0.630636 0.0640479 0.773431 0.0275305
0.756802 -0.186554 -0.626457 -0.0384535 0.102044 0.980376 -0.168672 -0.358442 0.64563 0.0637246 0.760987 0.0340023
0.737292 -0.245948 -0.629214 -0.0437568 0.146008 0.967376 -0.207042 -0.350386 0.659608 0.0607801 0.749149 0.0382259
0.698446 -0.32909 -0.635511 -0.0525235 0.226144 0.943991 -0.240293 -0.336285 0.678994 0.0241148 0.733748 0.0422137
0.668375 -0.38891 -0.634054 -0.0587256 0.286607 0.921256 -0.262951 -0.326518 0.68639 -0.00597471 0.727209 0.0436249
0.640136 -0.448238 -0.623946 -0.0691437 0.362547 0.892283 -0.269055 -0.309905 0.677337 -0.0539781 0.73369 0.0428869
0.619984 -0.496572 -0.607484 -0.0742828 0.417247 0.864353 -0.280711 -0.298196 0.664474 -0.0794341 0.743078 0.0434285
0.599671 -0.546689 -0.584402 -0.0794624 0.477371 0.830492 -0.287055 -0.285382 0.642271 -0.106838 0.758995 0.0411556
0.572218 -0.59773 -0.561504 -0.0843865 0.533114 0.791387 -0.299159 -0.27443 0.623183 -0.128162 0.771504 0.0383082
0.539131 -0.652417 -0.532625 -0.0905443 0.599921 0.741347 -0.300831 -0.261165 0.591127 -0.157346 0.791082 0.0346219
0.505051 -0.691729 -0.516173 -0.0968758 0.65791 0.695643 -0.288505 -0.248378 0.55864 -0.193885 0.806431 0.0305308
0.46648 -0.730288 -0.499075 -0.103103 0.713261 0.64425 -0.276043 -0.236726 0.52312 -0.227203 0.821416 0.0263175
0.429504 -0.759408 -0.488698 -0.108198 0.765829 0.593074 -0.248535 -0.226153 0.478573 -0.267512 0.836304 0.0208705
0.394385 -0.785259 -0.477314 -0.114645 0.814386 0.539294 -0.214332 -0.214255 0.425719 -0.304188 0.852193 0.0137098
0.36295 -0.806034 -0.467521 -0.119953 0.855301 0.487283 -0.176111 -0.204586 0.369767 -0.335952 0.866262 0.00804432
0.352475 -0.811991 -0.465222 -0.122825 0.879959 0.456765 -0.13053 -0.195299 0.318486 -0.363367 0.875517 0.000764702
0.328843 -0.820867 -0.466947 -0.12673 0.903802 0.416937 -0.0964589 -0.187844 0.273868 -0.390308 0.879009 -0.00574333
0.29713 -0.829957 -0.472106 -0.130695 0.927656 0.368052 -0.0631908 -0.182155 0.226205 -0.419176 0.879274 -0.0121741
0.24688 -0.846611 -0.471486 -0.137294 0.951999 0.302753 -0.0451426 -0.174624 0.180962 -0.43771 0.880717 -0.0173986
0.155235 -0.874855 -0.458836 -0.147386 0.977989 0.201653 -0.0536122 -0.16612 0.139428 -0.440414 0.886902 -0.0177784
0.0900498 -0.883973 -0.458784 -0.161188 0.987576 0.138821 -0.0736367 -0.161358 0.128782 -0.446453 0.885491 -0.0194064
0.0379964 -0.87657 -0.479773 -0.172124 0.991919 0.0912462 -0.088155 -0.158158 0.121051 -0.472546 0.872953 -0.0192194
-0.0375222 -0.865095 -0.500203 -0.186192 0.993085 0.0234411 -0.115036 -0.155141 0.111243 -0.501061 0.858233 -0.0179398
