0.999216 0.0177057 -0.0354003 -0.0342846 -0.0142421 0.995298 0.095803 0.0178785 0.0369302 -0.0952237 0.994771 0.249816
0.996937 0.0221623 -0.0750058 0.0690613 -0.0132261 0.992972 0.117604 0.0365005 0.0770851 -0.116252 0.990224 0.0484317
0.999672 0.00766842 -0.0244232 0.0652889 -0.00637338 0.998592 0.0526684 0.0243682 0.0247927 -0.0524955 0.998313 -0.0285679
0.998107 0.0238283 -0.0566912 0.0649562 -0.0184077 0.995375 0.0942874 0.0213116 0.0586757 -0.0930654 0.99393 0.053055
0.998633 0.0147204 -0.0501468 0.0624802 -0.00972011 0.995086 0.0985354 0.0269337 0.0513508 -0.0979133 0.993869 0.0579454
0.997223 0.0301342 -0.0680977 0.0568985 -0.0229 0.994248 0.104621 0.0319708 0.0708587 -0.102771 0.992178 0.0554958
0.997286 0.0302891 -0.0671047 0.05355 -0.0232675 0.994404 0.103052 0.036347 0.0698505 -0.101211 0.99241 0.0563682
0.998578 0.0225313 -0.0483128 0.0447151 -0.0178777 0.995347 0.0946798 0.0367945 0.0502213 -0.0936814 0.994335 0.053996
0.997214 0.0250323 -0.0702741 0.0464589 -0.0175031 0.994236 0.10578 0.0363243 0.0725169 -0.104255 0.991903 0.053909
0.998026 0.0225879 -0.0586048 0.0497103 -0.0167466 0.995014 0.098315 0.0319682 0.0605333 -0.0971395 0.993428 0.0526727
0.997317 0.0284897 -0.0674293 0.0487895 -0.0215914 0.994661 0.100908 0.0349095 0.0699442 -0.099181 0.992608 0.0506732
0.997924 0.0242777 -0.0596513 0.0516711 -0.0182039 0.994787 0.100333 0.0320818 0.0617762 -0.099039 0.993164 0.0546625
0.997307 0.0233878 -0.0695163 0.0529073 -0.0159223 0.994231 0.106068 0.0346523 0.071596 -0.104676 0.991926 0.0567536
0.997286 0.0296433 -0.067388 0.050736 -0.0224445 0.9942 0.105179 0.0332805 0.070115 -0.103381 0.992167 0.0573224
0.998165 0.0201784 -0.0570996 0.0502563 -0.0143273 0.994774 0.101087 0.03081 0.058841 -0.100083 0.993238 0.0575567
0.997088 0.0236506 -0.0724937 0.051427 -0.015607 0.993856 0.109579 0.0329135 0.0746398 -0.108128 0.991331 0.0577404
0.997305 0.0307354 -0.0666224 0.0508258 -0.0237363 0.994355 0.103413 0.0322092 0.0694248 -0.101553 0.992405 0.057207
0.998204 0.018882 -0.0568586 0.0518941 -0.0130386 0.994756 0.101442 0.0308073 0.0584758 -0.100518 0.993215 0.0554346
0.997373 0.0284103 -0.0666352 0.0532877 -0.0212444 0.994152 0.105884 0.0310343 0.0692537 -0.10419 0.992143 0.0562757
0.997106 0.0283384 -0.0705489 0.0511838 -0.0207333 0.994119 0.106288 0.0312438 0.0731461 -0.104518 0.991829 0.0546738
0.99836 0.0180945 -0.0543092 0.0521675 -0.0126775 0.995058 0.0984805 0.0305114 0.0558228 -0.0976305 0.993656 0.0565945
0.997347 0.0295962 -0.0665094 0.0547106 -0.0224247 0.994103 0.106096 0.0299551 0.0692573 -0.104323 0.992129 0.0580966
0.99733 0.0302926 -0.0664478 0.0512347 -0.0232252 0.994236 0.104665 0.0304497 0.0692354 -0.102843 0.992285 0.0571812
0.998545 0.0197869 -0.0501557 0.0505186 -0.0147829 0.995052 0.0982462 0.0295041 0.0518515 -0.0973618 0.993897 0.0596714
0.99786 0.0218511 -0.0616279 0.0532747 -0.0152838 0.994345 0.105088 0.0277281 0.0635757 -0.103922 0.992551 0.0581329
0.997601 0.0267502 -0.0638495 0.0539266 -0.0201576 0.994606 0.101749 0.028318 0.0662269 -0.100218 0.992759 0.0581649
0.996991 0.0252776 -0.0732866 0.0511619 -0.0171067 0.993779 0.11005 0.0295244 0.0756125 -0.108465 0.99122 0.0591913
0.997594 0.0286894 -0.0631071 0.0505235 -0.022464 0.995008 0.0972346 0.0289354 0.0655817 -0.095583 0.993259 0.057989
0.998629 0.0198013 -0.0484488 0.0510416 -0.0150875 0.995287 0.0957935 0.0283502 0.0501172 -0.0949312 0.994221 0.0579029
0.997481 0.0289912 -0.0647442 0.0535128 -0.0222824 0.994531 0.102037 0.0305902 0.0673483 -0.100338 0.992671 0.058666
0.997067 0.0249965 -0.0723387 0.0520441 -0.0169867 0.993864 0.109295 0.0292649 0.0746269 -0.107746 0.991374 0.059595
0.997352 0.0294095 -0.0665164 0.0510873 -0.0223412 0.994262 0.104616 0.0292554 0.0692114 -0.102853 0.992286 0.059141
0.998294 0.0210307 -0.0544683 0.0501058 -0.0157984 0.995374 0.094771 0.0298401 0.0562094 -0.0937489 0.994008 0.0593787
0.997946 0.0213929 -0.0603883 0.0519867 -0.0151897 0.994733 0.101373 0.0285844 0.0622389 -0.100247 0.993014 0.0597178
0.997569 0.0278973 -0.0638545 0.0520059 -0.0212191 0.994458 0.10297 0.0294742 0.0663732 -0.101365 0.992633 0.0586793
0.997326 0.0285545 -0.0672697 0.0533793 -0.0213026 0.994121 0.106155 0.0293482 0.0699054 -0.104438 0.992072 0.0591047
0.997154 0.0282278 -0.0699025 0.0522797 -0.0206919 0.994122 0.106274 0.0299172 0.0724915 -0.104525 0.991877 0.0576294
0.997272 0.0280662 -0.0682715 0.0494424 -0.0208476 0.994334 0.104237 0.031182 0.0708102 -0.102529 0.992206 0.0575112
0.998172 0.020842 -0.0567287 0.0503624 -0.0159245 0.996185 0.0857964 0.029728 0.0583005 -0.0847362 0.994696 0.0592892
0.998344 -0.0106715 -0.0565245 0.0518634 0.0127713 0.999237 0.0369177 0.0269323 0.0560874 -0.0375785 0.997718 0.0598256
0.999362 0.0114666 -0.0338314 0.051869 -0.00593247 0.987204 0.159354 0.0265904 0.0352257 -0.159052 0.986642 0.0573491
0.995575 0.0734886 0.0585626 0.0449313 -0.0815973 0.985175 0.150901 0.0260207 -0.046605 -0.155012 0.986813 0.0600814
0.993453 0.0209639 0.112306 0.0352172 -0.0456092 0.974063 0.221631 0.0234712 -0.104747 -0.225302 0.968642 0.0591999
0.983563 0.0701864 0.166365 0.0327984 -0.117048 0.949394 0.291464 0.0112965 -0.137489 -0.306146 0.942004 0.0597572
0.968284 0.120153 0.219067 0.0268265 -0.18473 0.934625 0.303895 0.00419666 -0.168231 -0.334724 0.927177 0.0659413
0.989398 0.0845829 0.118055 0.0251413 -0.114525 0.954282 0.276098 0.00904318 -0.0893042 -0.286691 0.953852 0.0895458
0.999429 0.0072191 0.0330064 0.0215806 -0.0156414 0.964776 0.262606 0.0168876 -0.029948 -0.262973 0.964338 0.108485
0.995654 -0.054935 -0.0752027 0.0165782 0.0724299 0.96436 0.254486 0.0254001 0.0585423 -0.258827 0.964148 0.133421
0.973244 -0.1317 -0.188286 0.00941817 0.175334 0.955282 0.238105 0.0321686 0.148507 -0.264748 0.952814 0.166801
0.934897 -0.183678 -0.303695 -0.00655493 0.250555 0.947598 0.198193 0.0345661 0.251377 -0.261382 0.931928 0.202177
0.889454 -0.214865 -0.403366 -0.0188852 0.282291 0.952392 0.115154 0.0303445 0.35942 -0.216291 0.907764 0.235343
0.849955 -0.267492 -0.453899 -0.0408162 0.309169 0.950825 0.0185966 0.0161329 0.426604 -0.156138 0.890859 0.273258
0.824012 -0.201312 -0.529601 -0.0577315 0.231305 0.972831 -0.00990231 -0.0183484 0.517205 -0.11434 0.848189 0.305321
0.811477 -0.0576774 -0.581531 -0.0710624 0.0951157 0.994884 0.0340513 -0.0522962 0.576592 -0.0829446 0.812811 0.328104
0.789777 0.0467554 -0.611609 -0.0753052 0.011549 0.995781 0.0910374 -0.0722294 0.613285 -0.0789628 0.785905 0.338782
0.742051 0.197793 -0.640498 -0.0790855 -0.120893 0.979298 0.162356 -0.107323 0.659352 -0.0430448 0.750601 0.347686
0.701592 0.326179 -0.633543 -0.0891039 -0.245688 0.945294 0.214607 -0.144045 0.668884 0.00508728 0.743349 0.355251
0.654741 0.4659 -0.595191 -0.1029 -0.379258 0.88364 0.274488 -0.18021 0.653818 0.0460119 0.755251 0.361161
0.594108 0.581096 -0.556203 -0.11317 -0.470127 0.811914 0.346086 -0.218323 0.652699 0.0558735 0.755554 0.361041
0.5209 0.700765 -0.487433 -0.125414 -0.576405 0.709933 0.404663 -0.266528 0.629619 0.0701697 0.773729 0.356495
0.480434 0.777031 -0.406701 -0.138608 -0.656178 0.626146 0.421156 -0.296975 0.581905 0.0645306 0.810692 0.350363
0.424691 0.842711 -0.330869 -0.148792 -0.716487 0.536259 0.446176 -0.326144 0.55343 0.0475763 0.831536 0.343962
0.346914 0.905354 -0.244918 -0.160849 -0.77737 0.42366 0.464981 -0.361809 0.524734 0.0290835 0.850769 0.333315
0.275167 0.945941 -0.171693 -0.176369 -0.826696 0.323974 0.460016 -0.387455 0.490772 0.0153566 0.871153 0.323508
0.193341 0.977443 -0.0849962 -0.19132 -0.865548 0.210716 0.454341 -0.415297 0.462003 -0.0142744 0.886764 0.316295
0.11577 0.990579 -0.073152 -0.21331 -0.893367 0.136034 0.42824 -0.437213 0.434157 0.0157741 0.900699 0.308128
0.0807117 0.99162 -0.100874 -0.223195 -0.887757 0.117532 0.445055 -0.448858 0.453181 0.0536304 0.889804 0.31791
0.0394389 0.995159 -0.0900164 -0.218007 -0.894924 0.0752507 0.439827 -0.461875 0.444472 0.0632116 0.89356 0.324223
0.0134039 0.997341 -0.071628 -0.205122 -0.887684 0.0448422 0.458264 -0.467911 0.460258 0.0574406 0.885925 0.330217
0.0317306 0.992692 -0.116432 -0.191711 -0.857342 0.086912 0.507358 -0.461895 0.513769 0.0837237 0.853834 0.348465
0.0631309 0.989062 -0.13331 -0.174191 -0.85357 0.122726 0.506316 -0.458718 0.517138 0.0818256 0.851982 0.352284
0.0772644 0.988825 -0.127495 -0.161423 -0.857983 0.13108 0.496673 -0.453636 0.507834 0.0710132 0.858523 0.350839
0.0754383 0.99007 -0.118619 -0.1517 -0.854438 0.125508 0.504167 -0.454727 0.514048 0.0633194 0.855421 0.352268
0.0953219 0.988253 -0.11946 -0.140583 -0.849107 0.143355 0.508395 -0.450903 0.519548 0.0529731 0.852797 0.354867
0.0989164 0.987916 -0.119325 -0.135956 -0.858721 0.145334 0.491403 -0.452226 0.502806 0.0538587 0.86272 0.355496
0.0933719 0.989138 -0.113527 -0.132814 -0.856418 0.137945 0.497513 -0.452655 0.507769 0.0507725 0.859996 0.356674
0.0894785 0.988735 -0.119985 -0.1313 -0.855615 0.137972 0.498885 -0.451479 0.50982 0.0580218 0.858322 0.355588
0.0900438 0.988312 -0.123011 -0.131016 -0.854106 0.140156 0.500859 -0.451402 0.512246 0.0599653 0.856743 0.356391
0.0853004 0.988844 -0.12211 -0.133317 -0.854328 0.135653 0.501719 -0.450782 0.512686 0.0615253 0.856369 0.356033
0.0921724 0.987984 -0.124068 -0.133432 -0.854595 0.142438 0.499378 -0.450674 0.511049 0.0599989 0.857455 0.358074
0.0869146 0.988757 -0.121677 -0.132907 -0.854713 0.136756 0.500763 -0.45015 0.511773 0.0604753 0.856989 0.357038
0.0812393 0.989197 -0.122021 -0.134355 -0.857567 0.131761 0.497209 -0.450029 0.507916 0.0642481 0.859008 0.356426
0.0918532 0.988633 -0.119026 -0.133778 -0.861404 0.138854 0.488571 -0.449346 0.499545 0.0576528 0.864367 0.355388
0.0898666 0.989428 -0.113823 -0.135636 -0.8616 0.13456 0.489427 -0.451074 0.499569 0.054087 0.864584 0.356829
0.090669 0.98872 -0.119211 -0.131058 -0.856284 0.138519 0.497584 -0.449921 0.508485 0.0569633 0.859185 0.357519
0.0945121 0.988229 -0.120293 -0.133337 -0.85462 0.142514 0.499315 -0.449519 0.510581 0.0556136 0.858029 0.358763
0.094897 0.988193 -0.120285 -0.132081 -0.859403 0.142306 0.491096 -0.448468 0.502415 0.0567698 0.862761 0.356882
0.0924705 0.98867 -0.118242 -0.129445 -0.856399 0.13955 0.497097 -0.449034 0.507966 0.0552954 0.859601 0.356462
0.0898968 0.988497 -0.121621 -0.131345 -0.855563 0.139159 0.498645 -0.447946 0.509834 0.0592275 0.858232 0.357922
0.0998043 0.987496 -0.122025 -0.132891 -0.85762 0.147556 0.492661 -0.448165 0.504506 0.0554814 0.861624 0.357937
0.10089 0.987662 -0.119772 -0.131451 -0.859216 0.147189 0.489983 -0.448528 0.501566 0.0534759 0.863465 0.358776
0.096966 0.988009 -0.120147 -0.13041 -0.859719 0.143969 0.490058 -0.448056 0.501479 0.0557735 0.86337 0.356967
0.0984035 0.987932 -0.119609 -0.129053 -0.855157 0.145417 0.497554 -0.446912 0.508943 0.0533233 0.859147 0.357899
0.087737 0.988597 -0.122387 -0.131302 -0.8556 0.137708 0.498984 -0.449032 0.510148 0.0609354 0.857925 0.357928
0.0901859 0.988352 -0.122587 -0.131558 -0.853587 0.140122 0.501752 -0.446517 0.513084 0.0593873 0.856281 0.359271
0.099295 0.987428 -0.122988 -0.131641 -0.853497 0.148057 0.499622 -0.445429 0.51155 0.0553596 0.857468 0.359549
0.0985411 0.987539 -0.122707 -0.13248 -0.853432 0.147282 0.499962 -0.445166 0.511804 0.0554556 0.857311 0.359831
0.0965989 0.987592 -0.123814 -0.129702 -0.855079 0.146011 0.497515 -0.446301 0.50942 0.0578114 0.858574 0.359081
0.0997266 0.987405 -0.122829 -0.130365 -0.856561 0.148008 0.494365 -0.447113 0.506318 0.0559089 0.860533 0.357046
0.103394 0.987443 -0.119441 -0.130548 -0.861252 0.14895 0.485859 -0.446319 0.497549 0.052634 0.865837 0.356756
0.107872 0.986685 -0.121726 -0.130782 -0.85781 0.154266 0.490268 -0.44711 0.502518 0.0515312 0.863029 0.357343
0.12852 0.981888 -0.139207 -0.126688 -0.849228 0.181458 0.495868 -0.446048 0.512147 0.0544892 0.857167 0.358492
0.214955 0.954965 -0.204537 -0.116475 -0.819977 0.290238 0.493355 -0.439924 0.530502 0.0616668 0.845438 0.363926
0.281551 0.922333 -0.264635 -0.108139 -0.781453 0.380446 0.494563 -0.431234 0.556831 0.0675556 0.827874 0.371113
0.334076 0.884966 -0.32439 -0.0986014 -0.763624 0.45587 0.457231 -0.42665 0.552514 0.0949626 0.828076 0.372993
0.32057 0.894269 -0.31228 -0.0989074 -0.771514 0.437774 0.461648 -0.427218 0.549546 0.0929382 0.830278 0.37099
0.318995 0.89562 -0.310011 -0.100118 -0.778808 0.434113 0.452773 -0.429734 0.540093 0.0970071 0.835996 0.368798
0.315042 0.898933 -0.304413 -0.0983295 -0.785736 0.426943 0.447592 -0.429661 0.532322 0.0981783 0.840829 0.368024
0.300587 0.906522 -0.296422 -0.101765 -0.790904 0.410613 0.453727 -0.431779 0.533028 0.0980573 0.840396 0.367299
0.234132 0.938181 -0.254948 -0.105681 -0.810905 0.33311 0.481114 -0.437345 0.536298 0.0940942 0.838768 0.365119
0.122907 0.968515 -0.216501 -0.119012 -0.829455 0.220028 0.513412 -0.443509 0.544883 0.116476 0.830383 0.366734
0.00289898 0.980804 -0.194974 -0.137998 -0.833099 0.110213 0.542032 -0.446273 0.553116 0.160861 0.817426 0.369794
-0.124485 0.974504 -0.186671 -0.160996 -0.840647 -0.00364523 0.541572 -0.450749 0.527083 0.224341 0.819667 0.367783
-0.203299 0.96317 -0.175993 -0.173748 -0.828791 -0.0735796 0.554699 -0.449179 0.52132 0.258631 0.813225 0.368329
-0.28338 0.942732 -0.175935 -0.184104 -0.810896 -0.137604 0.568782 -0.450457 0.512 0.303846 0.803451 0.367477
-0.380067 0.908109 -0.175745 -0.202746 -0.768042 -0.203964 0.60705 -0.447873 0.515422 0.3657 0.774986 0.371484
-0.359852 0.91486 -0.183136 -0.203222 -0.779749 -0.187104 0.597481 -0.446874 0.512346 0.357805 0.78069 0.371411
-0.39599 0.902335 -0.170248 -0.209198 -0.782277 -0.23441 0.577143 -0.449489 0.480869 0.361724 0.7987 0.365701
-0.429422 0.885306 -0.178412 -0.218429 -0.75909 -0.246804 0.602387 -0.448952 0.489264 0.394109 0.77801 0.367407
-0.402014 0.886962 -0.22734 -0.218266 -0.728495 -0.159423 0.666242 -0.441761 0.554689 0.433455 0.710238 0.381173
-0.389902 0.888674 -0.241317 -0.219601 -0.65844 -0.0858464 0.747721 -0.435026 0.643765 0.450431 0.61861 0.396235
-0.408985 0.8855 -0.220504 -0.224521 -0.556233 -0.0503481 0.8295 -0.423008 0.72342 0.461904 0.513136 0.411939
-0.465428 0.872196 -0.150502 -0.23864 -0.471352 -0.100331 0.87622 -0.409946 0.749135 0.478757 0.457808 0.420202
-0.53864 0.82947 -0.147803 -0.254916 -0.412037 -0.106316 0.904943 -0.404115 0.734909 0.548339 0.399039 0.42015
-0.585233 0.807813 -0.0702895 -0.271226 -0.324721 -0.154051 0.93318 -0.394513 0.743006 0.568952 0.352469 0.425038
-0.630599 0.774545 -0.0492532 -0.280372 -0.32714 -0.207721 0.921863 -0.401476 0.703793 0.597438 0.384373 0.417203
-0.676771 0.735503 0.031879 -0.288799 -0.293545 -0.30931 0.904521 -0.40417 0.675138 0.602796 0.425236 0.412058
-0.727173 0.679387 0.0982492 -0.298875 -0.258461 -0.403566 0.877686 -0.396404 0.635938 0.612836 0.469058 0.404026
-0.755461 0.6307 0.177472 -0.310784 -0.209695 -0.489369 0.846491 -0.391338 0.620731 0.602276 0.501954 0.399075
-0.757059 0.600716 0.256909 -0.310827 -0.163809 -0.555181 0.815439 -0.384373 0.632478 0.575251 0.518707 0.402799
-0.768851 0.583191 0.262215 -0.30967 -0.154498 -0.567358 0.808848 -0.395867 0.620483 0.581372 0.526315 0.405702
-0.770457 0.576538 0.272031 -0.30463 -0.138839 -0.568231 0.811072 -0.395979 0.62219 0.587127 0.517843 0.40679
-0.763885 0.579888 0.283212 -0.30475 -0.146653 -0.583348 0.798873 -0.396857 0.628468 0.568713 0.530653 0.405985
-0.759864 0.58933 0.274403 -0.302104 -0.162362 -0.580773 0.79771 -0.40148 0.62948 0.561598 0.536994 0.40513
-0.762427 0.591281 0.262853 -0.301566 -0.171717 -0.576537 0.798823 -0.402122 0.623873 0.563908 0.541101 0.404897
-0.759978 0.593679 0.264535 -0.301122 -0.168279 -0.572862 0.802191 -0.403561 0.627786 0.565132 0.535266 0.404844
-0.758106 0.596826 0.262819 -0.302272 -0.17589 -0.575213 0.79887 -0.405719 0.627963 0.559401 0.541048 0.40453
-0.755557 0.598877 0.265479 -0.301854 -0.180225 -0.579655 0.794682 -0.406201 0.629803 0.552582 0.545895 0.404355
-0.754794 0.602167 0.260156 -0.300504 -0.191944 -0.581994 0.790215 -0.407305 0.62725 0.546515 0.554868 0.404132
-0.755327 0.600871 0.2616 -0.299513 -0.187801 -0.580894 0.792018 -0.405669 0.627863 0.549104 0.551609 0.404669
-0.756001 0.599321 0.263204 -0.299707 -0.18379 -0.580279 0.793409 -0.404372 0.628238 0.551444 0.548841 0.404262
-0.756696 0.599806 0.260085 -0.301574 -0.182975 -0.576228 0.796544 -0.406818 0.62764 0.555153 0.545778 0.404493
-0.751486 0.606069 0.260671 -0.299723 -0.192284 -0.579154 0.792217 -0.408435 0.631107 0.545217 0.551763 0.40598
-0.74945 0.610455 0.256259 -0.298591 -0.197385 -0.575484 0.793636 -0.407482 0.631952 0.544209 0.551791 0.40521
-0.748338 0.611272 0.257561 -0.297183 -0.193268 -0.572377 0.796889 -0.406985 0.634538 0.546564 0.546471 0.405627
-0.74199 0.620202 0.254561 -0.296902 -0.201321 -0.568312 0.797804 -0.411624 0.63947 0.540714 0.546541 0.406095
-0.743199 0.622317 0.245717 -0.297252 -0.213133 -0.568322 0.794723 -0.412374 0.634216 0.538267 0.555013 0.405613
-0.74518 0.619588 0.246612 -0.299288 -0.212618 -0.571254 0.792756 -0.412197 0.63206 0.538312 0.557423 0.405406
-0.74456 0.621912 0.242602 -0.298621 -0.217826 -0.569868 0.79234 -0.414982 0.631017 0.537099 0.559769 0.404153
-0.752364 0.613377 0.240246 -0.297682 -0.215325 -0.573655 0.790288 -0.410902 0.622563 0.542853 0.563673 0.403566
-0.751137 0.615142 0.23957 -0.298899 -0.215277 -0.571315 0.791994 -0.411211 0.624059 0.543322 0.561562 0.404639
-0.752263 0.614195 0.238462 -0.297704 -0.21176 -0.568115 0.795237 -0.411212 0.623905 0.547731 0.557434 0.405518
-0.752464 0.613439 0.239772 -0.298068 -0.209497 -0.568057 0.795878 -0.412847 0.624427 0.548638 0.555956 0.405633
-0.727365 0.655597 0.202811 -0.294022 -0.259755 -0.536565 0.802885 -0.417934 0.635191 0.53131 0.560574 0.406346
-0.68128 0.719689 0.133811 -0.282352 -0.336114 -0.469932 0.816206 -0.428046 0.650296 0.511089 0.562053 0.409498
-0.668174 0.742127 0.0528401 -0.278426 -0.404813 -0.422223 0.811082 -0.437412 0.624236 0.520554 0.58254 0.408719
-0.677714 0.733899 0.0457772 -0.281793 -0.411261 -0.429911 0.803767 -0.438092 0.609564 0.525898 0.593181 0.405499
-0.666214 0.744895 0.0359209 -0.277263 -0.426544 -0.420115 0.800977 -0.443149 0.611734 0.5183 0.597617 0.406232
-0.630847 0.775731 -0.0165183 -0.272181 -0.47657 -0.370585 0.797212 -0.44543 0.612301 0.510791 0.603473 0.406487
-0.609895 0.791745 -0.0341818 -0.266309 -0.49924 -0.35036 0.792469 -0.447662 0.615457 0.500388 0.608953 0.406184
-0.616017 0.786948 -0.0351608 -0.264119 -0.495215 -0.352166 0.794193 -0.44826 0.612606 0.506648 0.606648 0.406058
-0.610387 0.791207 -0.0376829 -0.264977 -0.502768 -0.350228 0.790294 -0.451575 0.612089 0.501331 0.611568 0.406183
-0.606956 0.793804 -0.0384617 -0.263258 -0.507461 -0.349859 0.787453 -0.450309 0.611627 0.497467 0.615173 0.405612
-0.594097 0.802572 -0.054097 -0.262197 -0.519322 -0.331326 0.787736 -0.454184 0.614291 0.496085 0.613633 0.407758
-0.555167 0.828946 -0.0680981 -0.253207 -0.535502 -0.293588 0.791861 -0.455808 0.636418 0.476082 0.606893 0.41096
-0.556019 0.831166 -0.00245485 -0.246374 -0.469658 -0.311744 0.825976 -0.450216 0.685758 0.460412 0.563699 0.419868
-0.58825 0.808228 0.0269964 -0.246972 -0.439971 -0.347876 0.827893 -0.449198 0.678518 0.475131 0.560236 0.421031
-0.649024 0.759669 0.0408896 -0.264779 -0.400558 -0.386923 0.830568 -0.447426 0.646778 0.52268 0.555414 0.417788
-0.636208 0.770622 0.0371687 -0.258038 -0.410845 -0.379175 0.829116 -0.447324 0.653028 0.512219 0.55784 0.418
-0.624176 0.780293 0.0393288 -0.256483 -0.418811 -0.376664 0.82627 -0.447077 0.659546 0.499266 0.5619 0.418356
-0.594438 0.80394 0.0180028 -0.250029 -0.431485 -0.337775 0.836498 -0.443965 0.678575 0.489479 0.547674 0.422335
-0.537557 0.843016 -0.0188978 -0.236667 -0.415809 -0.245514 0.875686 -0.431514 0.733577 0.478589 0.482512 0.435934
-0.446937 0.894204 -0.0254464 -0.218729 -0.382462 -0.165291 0.909066 -0.414928 0.808684 0.416027 0.415873 0.45141
-0.37005 0.926866 -0.0631031 -0.201468 -0.352852 -0.0773908 0.932473 -0.396194 0.859394 0.367327 0.355685 0.464389
-0.278623 0.951514 -0.130349 -0.18277 -0.318556 0.0364781 0.947202 -0.374354 0.90603 0.305436 0.292947 0.476507
-0.180508 0.964246 -0.194027 -0.163514 -0.264775 0.142348 0.953746 -0.34591 0.947265 0.223533 0.229613 0.487854
-0.103868 0.980065 -0.169361 -0.14835 -0.151263 0.152735 0.976623 -0.31319 0.983021 0.127058 0.132383 0.496415
-0.0508445 0.970999 -0.233613 -0.135999 -0.0518115 0.231036 0.971565 -0.276026 0.997362 0.0615025 0.038562 0.500057
-0.0367905 0.940281 -0.338405 -0.12952 0.00169203 0.338693 0.940896 -0.248355 0.999322 0.0340434 -0.0140517 0.501088
-0.0193871 0.916057 -0.40058 -0.124639 0.0792707 0.400802 0.912729 -0.212632 0.996665 -0.0140591 -0.0803868 0.499927
-0.0103291 0.885524 -0.46448 -0.123415 0.160087 0.459977 0.87338 -0.177734 0.987049 -0.065336 -0.146512 0.497414
-0.0127559 0.841707 -0.539785 -0.127 0.225816 0.528307 0.818473 -0.14772 0.974087 -0.111451 -0.19681 0.493091
-0.0285957 0.780413 -0.62461 -0.139692 0.221389 0.614292 0.757385 -0.106464 0.974766 -0.116624 -0.190341 0.486672
0.0215239 0.720532 -0.693087 -0.150572 0.216571 0.673427 0.706819 -0.081347 0.97603 -0.165316 -0.141551 0.477697
0.0662256 0.703756 -0.707348 -0.155987 0.209219 0.683352 0.69947 -0.076 0.975624 -0.194313 -0.101984 0.470949
0.133745 0.675048 -0.72555 -0.160345 0.210717 0.696015 0.686412 -0.0759496 0.968355 -0.24469 -0.0491554 0.464807
0.214968 0.644711 -0.733578 -0.155766 0.211143 0.702693 0.679441 -0.0718749 0.953524 -0.300948 0.0149308 0.454634
0.283919 0.591936 -0.754322 -0.152318 0.20932 0.729458 0.651211 -0.061799 0.935722 -0.342786 0.0832033 0.441296
0.324654 0.53798 -0.777931 -0.155685 0.219512 0.757169 0.615231 -0.045612 0.920008 -0.370502 0.127725 0.431038
0.397083 0.521424 -0.755276 -0.140765 0.211465 0.748814 0.62814 -0.049836 0.893089 -0.409139 0.187078 0.425559
0.491108 0.502102 -0.711834 -0.128182 0.19219 0.734576 0.650739 -0.0498321 0.849633 -0.45639 0.264257 0.415458
0.508371 0.527238 -0.680867 -0.125979 0.1506 0.724041 0.673116 -0.0552869 0.847867 -0.444731 0.288679 0.414115
0.515923 0.544051 -0.661688 -0.123663 0.135033 0.71112 0.689981 -0.0576321 0.845925 -0.445327 0.293419 0.412752
0.515104 0.557749 -0.650833 -0.122474 0.130765 0.699292 0.702773 -0.0560841 0.847094 -0.447108 0.287274 0.411716
0.551494 0.549847 -0.627314 -0.11615 0.133172 0.684336 0.716903 -0.0538481 0.82348 -0.478908 0.304183 0.405439
0.554395 0.56302 -0.612906 -0.110447 0.117478 0.676127 0.727359 -0.0574521 0.82392 -0.475247 0.308699 0.405635
0.534586 0.640948 -0.550821 -0.112049 0.0642205 0.619077 0.7827 -0.0691431 0.842671 -0.453794 0.289788 0.408649
0.498516 0.717915 -0.485881 -0.114728 -0.00836163 0.564449 0.825425 -0.0833161 0.86684 -0.407425 0.28739 0.4131
0.427391 0.78749 -0.444068 -0.126419 -0.0537099 0.512439 0.857042 -0.0941889 0.90247 -0.342441 0.261308 0.421704
0.3393 0.842655 -0.4181 -0.138392 -0.0880479 0.470965 0.877747 -0.10249 0.936548 -0.261007 0.233993 0.430437
0.291908 0.851663 -0.435269 -0.144184 -0.080407 0.475331 0.876125 -0.109732 0.95306 -0.220749 0.207233 0.436274
0.238371 0.860904 -0.449471 -0.1463 -0.0425097 0.471618 0.880778 -0.113107 0.970243 -0.190845 0.149017 0.443463
0.237516 0.861329 -0.449107 -0.149765 -0.0493718 0.472445 0.879976 -0.114056 0.970128 -0.186836 0.154739 0.443346
0.234165 0.861337 -0.45085 -0.148933 -0.0327148 0.470462 0.881814 -0.108734 0.971646 -0.19174 0.138344 0.443685
0.233208 0.863497 -0.447198 -0.149912 -0.0285782 0.465766 0.884447 -0.106774 0.972007 -0.19348 0.133298 0.442702
0.236579 0.862048 -0.448223 -0.149219 -0.0264372 0.46686 0.883936 -0.105106 0.971253 -0.197271 0.133239 0.441374
0.236072 0.861763 -0.449038 -0.148832 -0.028583 0.468057 0.883236 -0.108517 0.971315 -0.195673 0.135127 0.443523
0.238467 0.860708 -0.449794 -0.147826 -0.0314464 0.469757 0.882236 -0.104092 0.970641 -0.19624 0.139088 0.442352
0.236737 0.8627 -0.446882 -0.148506 -0.032599 0.466751 0.883788 -0.105716 0.971027 -0.194658 0.13862 0.442443
0.235561 0.861361 -0.450077 -0.149655 -0.0294896 0.469231 0.882583 -0.106607 0.971412 -0.194629 0.135933 0.443191
0.237517 0.860932 -0.449869 -0.148851 -0.0249374 0.468374 0.883178 -0.105362 0.971063 -0.198551 0.132716 0.442326
0.234684 0.863253 -0.446899 -0.149545 -0.0294074 0.465833 0.884384 -0.105433 0.971627 -0.194409 0.134709 0.442948
0.235085 0.862924 -0.447323 -0.148585 -0.0278808 0.466018 0.884336 -0.105299 0.971575 -0.195422 0.133613 0.442915
0.225912 0.863454 -0.451011 -0.150046 -0.0302201 0.468969 0.882697 -0.10565 0.973679 -0.185782 0.13204 0.4435
0.211788 0.863409 -0.457898 -0.150616 -0.0171522 0.471737 0.881572 -0.109728 0.977165 -0.178852 0.114717 0.446702
0.227599 0.864667 -0.447828 -0.150094 -0.0261672 0.465163 0.884838 -0.109857 0.973403 -0.18967 0.128497 0.445799
0.23066 0.861559 -0.45223 -0.150408 -0.0281846 0.470483 0.881959 -0.106079 0.972626 -0.190687 0.132804 0.443321
0.212524 0.837405 -0.503574 -0.150904 -0.000203906 0.515385 0.856959 -0.105943 0.977156 -0.182022 0.109702 0.448424
0.159826 0.799609 -0.578862 -0.159904 0.0318874 0.581912 0.812626 -0.0992909 0.98663 -0.148337 0.0675075 0.452031
0.106623 0.800558 -0.589693 -0.168983 0.0377948 0.589382 0.80697 -0.101366 0.993581 -0.108329 0.032585 0.457451
0.0897782 0.805812 -0.585327 -0.171873 0.0460012 0.583718 0.810652 -0.0988302 0.994899 -0.0997047 0.0153368 0.457987
0.0892476 0.808376 -0.581861 -0.171772 0.0481749 0.580005 0.813187 -0.0993851 0.994844 -0.100606 0.0128207 0.45782
0.158059 0.795561 -0.584893 -0.160382 0.0107362 0.590919 0.80666 -0.10403 0.987371 -0.133779 0.0848586 0.454616
0.16778 0.801294 -0.574262 -0.160649 -0.0193902 0.585089 0.810737 -0.100058 0.985634 -0.12489 0.113704 0.45102
0.194177 0.781432 -0.593009 -0.155736 -0.00479772 0.605264 0.79601 -0.0871283 0.980955 -0.151722 0.121277 0.44626
0.204548 0.772281 -0.60145 -0.155179 -0.00654847 0.615507 0.788104 -0.0891224 0.978835 -0.157266 0.130958 0.446405
0.242005 0.750761 -0.614648 -0.148877 0.00426674 0.632649 0.774427 -0.0862844 0.970266 -0.190038 0.149901 0.443658
0.232105 0.733546 -0.638778 -0.146144 -0.0607016 0.666356 0.743159 -0.0906474 0.970795 -0.133716 0.199192 0.44099
0.184492 0.747013 -0.638697 -0.156772 -0.0779249 0.658924 0.748162 -0.098279 0.97974 -0.0882594 0.179777 0.444978
0.210461 0.742276 -0.636186 -0.154332 -0.0772912 0.661359 0.746077 -0.0938582 0.974542 -0.107848 0.196561 0.442218
0.234278 0.735444 -0.635795 -0.149508 -0.0710879 0.665205 0.743269 -0.0918817 0.969567 -0.128934 0.208124 0.440103
0.256474 0.72625 -0.637794 -0.146831 -0.0672003 0.671668 0.737799 -0.0940722 0.964212 -0.146366 0.221069 0.439691
0.270451 0.715677 -0.643943 -0.144235 -0.0312699 0.675046 0.737112 -0.0861331 0.962226 -0.179217 0.204946 0.438128
0.309558 0.658687 -0.685788 -0.142338 0.00864774 0.719234 0.694714 -0.0781542 0.950841 -0.220985 0.216948 0.435388
0.364589 0.565496 -0.73979 -0.13664 0.0708816 0.775316 0.627584 -0.0696971 0.928467 -0.281247 0.242588 0.432466
0.411238 0.461702 -0.785949 -0.130518 0.152827 0.815103 0.558794 -0.0555863 0.898625 -0.349911 0.26464 0.426247
0.445742 0.356827 -0.820968 -0.123631 0.235448 0.838091 0.492105 -0.0423399 0.863642 -0.412648 0.289558 0.418352
0.457414 0.228136 -0.859492 -0.120625 0.311726 0.864064 0.395248 -0.0304294 0.832826 -0.448718 0.324119 0.411778
0.452717 0.170329 -0.875235 -0.118479 0.411035 0.831203 0.374369 -0.0149969 0.791263 -0.529235 0.306288 0.402794
0.43594 0.0501436 -0.898578 -0.121433 0.480121 0.83154 0.279331 -0.00345585 0.76121 -0.553197 0.338427 0.396404
0.396518 -0.00427378 -0.918017 -0.126305 0.55301 0.799306 0.235139 0.0138297 0.732772 -0.600909 0.319302 0.38752
0.395292 -0.0714974 -0.915769 -0.125427 0.616442 0.759767 0.20677 0.024581 0.680987 -0.646253 0.344404 0.378016
0.446905 -0.0774068 -0.891226 -0.120245 0.638632 0.725238 0.257252 0.0281105 0.626438 -0.684133 0.373547 0.36879
0.443743 -0.131973 -0.886383 -0.117758 0.701751 0.666325 0.252103 0.0338411 0.557349 -0.73389 0.388289 0.358004
0.425607 -0.217121 -0.878475 -0.120485 0.77074 0.595649 0.226192 0.04363 0.474151 -0.773344 0.420856 0.346501
0.398535 -0.268462 -0.876982 -0.12438 0.822162 0.528352 0.211883 0.0504994 0.406473 -0.805464 0.431286 0.336131
0.322751 -0.29964 -0.897802 -0.135812 0.876583 0.452395 0.164137 0.0542524 0.356979 -0.839973 0.40867 0.332828
0.198118 -0.296166 -0.934363 -0.154121 0.924263 0.37381 0.077489 0.0623489 0.326324 -0.878949 0.347794 0.330608
0.058487 -0.280736 -0.958001 -0.172755 0.942527 0.331766 -0.0396796 0.0656013 0.328972 -0.900621 0.284005 0.331353
-0.0926657 -0.243164 -0.965549 -0.200642 0.939359 0.300214 -0.165758 0.0713694 0.330178 -0.922357 0.200599 0.333689
-0.233851 -0.19365 -0.952792 -0.223926 0.92265 0.26487 -0.280286 0.0717656 0.306643 -0.944639 0.116731 0.334085
-0.356669 -0.159959 -0.920435 -0.250029 0.898417 0.211451 -0.384884 0.0695067 0.256192 -0.96421 0.0682924 0.329157
-0.439085 -0.0940319 -0.893511 -0.267636 0.873172 0.189561 -0.449039 0.068218 0.211599 -0.977356 -0.00112737 0.326148
-0.516548 -0.035717 -0.855513 -0.288974 0.841468 0.163727 -0.514903 0.0633824 0.158462 -0.985859 -0.0545181 0.321044
-0.499881 -0.0106106 -0.866029 -0.285607 0.856087 0.145512 -0.495925 0.0654394 0.131279 -0.9893 -0.0636549 0.31738
-0.429105 -0.0181828 -0.903071 -0.271149 0.878174 0.225567 -0.421817 0.0714261 0.211373 -0.974058 -0.0808243 0.327462
-0.376089 0.00760338 -0.926552 -0.259999 0.883255 0.305151 -0.356011 0.0706205 0.280031 -0.952274 -0.12148 0.338068
-0.344363 0.0869927 -0.934798 -0.251948 0.878199 0.381887 -0.287974 0.070719 0.331936 -0.920106 -0.207905 0.344563
-0.279253 0.0334403 -0.959635 -0.244883 0.868292 0.435505 -0.237496 0.0688796 0.409984 -0.899565 -0.150652 0.351982
-0.198719 0.0486147 -0.97885 -0.232327 0.864004 0.480132 -0.151558 0.0669482 0.462609 -0.875848 -0.137415 0.356659
-0.132337 0.0488268 -0.990001 -0.22068 0.828791 0.553294 -0.0834989 0.0664517 0.543685 -0.831554 -0.113688 0.364197
-0.0660402 0.00747916 -0.997789 -0.207813 0.781772 0.621784 -0.0470821 0.062596 0.620057 -0.783153 -0.0469098 0.373032
0.00941586 -0.0301307 -0.999502 -0.194436 0.730736 0.682523 -0.0136912 0.0573851 0.682595 -0.730243 0.0284442 0.379889
0.0872302 -0.0507227 -0.994896 -0.175475 0.663589 0.747828 0.0200555 0.0469318 0.742994 -0.661952 0.0988922 0.387579
0.157954 -0.0797714 -0.984219 -0.161621 0.60573 0.794995 0.0327768 0.0368878 0.779834 -0.601348 0.173892 0.393368
0.224628 -0.10591 -0.968672 -0.149581 0.537187 0.84284 0.0324177 0.0239989 0.813002 -0.52764 0.246219 0.398214
0.304661 -0.0920036 -0.948007 -0.140027 0.455744 0.888068 0.0602759 0.0115147 0.836349 -0.450412 0.312489 0.402021
0.366209 -0.116685 -0.923188 -0.132773 0.376153 0.925999 0.0321719 -0.00133462 0.851117 -0.359042 0.383 0.404374
0.44086 -0.0967966 -0.892341 -0.123141 0.29017 0.956154 0.0396397 -0.0129427 0.849378 -0.276406 0.449618 0.403298
0.500276 -0.0893962 -0.861239 -0.113404 0.207346 0.978085 0.0189181 -0.0239246 0.840673 -0.188038 0.507848 0.4021
0.555215 -0.0763454 -0.828196 -0.104697 0.121584 0.992531 -0.0099858 -0.0375362 0.822772 -0.0951507 0.56035 0.399641
0.610213 -0.0212031 -0.791954 -0.093455 0.00775318 0.999754 -0.0207926 -0.0546431 0.7922 0.00654772 0.610227 0.394325
0.656677 0.029679 -0.753587 -0.0810754 -0.0983521 0.994062 -0.0465545 -0.0723288 0.747731 0.104688 0.655697 0.38605
0.690867 0.116088 -0.713601 -0.0695842 -0.185721 0.982399 -0.0199886 -0.0879008 0.698721 0.146341 0.700267 0.376253
0.759139 0.124915 -0.638831 -0.0528796 -0.205713 0.977155 -0.053383 -0.0939217 0.617568 0.171941 0.767493 0.363186
0.791582 0.110521 -0.600985 -0.0449241 -0.186836 0.980183 -0.065834 -0.086366 0.581799 0.164399 0.796544 0.354658
0.775596 0.122417 -0.619245 -0.0489255 -0.192909 0.980048 -0.0478731 -0.0874214 0.60103 0.156588 0.783737 0.356948
0.789486 0.0371724 -0.612642 -0.0503334 -0.104636 0.991704 -0.0746678 -0.0724321 0.604783 0.123053 0.786826 0.355859
0.78596 0.0455867 -0.616594 -0.0495308 -0.108739 0.991925 -0.0652716 -0.0727381 0.608639 0.118349 0.784571 0.357518
0.784355 0.0308333 -0.619545 -0.0481892 -0.0918662 0.993524 -0.066859 -0.069703 0.613472 0.109356 0.782108 0.356517
0.780855 0.0369884 -0.623616 -0.0506253 -0.0953672 0.993603 -0.0604798 -0.068269 0.61739 0.106698 0.779388 0.356514
0.767825 0.0375335 -0.63956 -0.0523539 -0.0857395 0.995322 -0.0445228 -0.0651609 0.634897 0.0890213 0.767451 0.357421
0.731318 -0.030371 -0.681361 -0.0616876 -0.0102808 0.998404 -0.0555374 -0.0566715 0.68196 0.0476204 0.729838 0.365414
0.742629 -0.100828 -0.66207 -0.064711 0.0658301 0.994804 -0.0776614 -0.0476038 0.66646 0.0140895 0.745407 0.365223
0.74172 -0.184993 -0.644693 -0.0665103 0.150678 0.9826 -0.108599 -0.0314722 0.653566 -0.016591 0.756688 0.361856
0.734095 -0.128448 -0.666788 -0.0645925 0.0956994 0.991716 -0.0856817 -0.041883 0.67227 -0.000912706 0.740306 0.365631
0.72676 -0.178621 -0.66326 -0.0709615 0.128318 0.983904 -0.12437 -0.0348812 0.6748 0.0052795 0.737982 0.36501
0.721858 -0.214303 -0.658023 -0.0733166 0.137913 0.97632 -0.166673 -0.0340007 0.67816 0.0295643 0.73432 0.367626
0.721798 -0.21386 -0.658233 -0.0725746 0.157046 0.976863 -0.145172 -0.0315066 0.67405 0.00141222 0.738684 0.365382
0.704445 -0.0920097 -0.70377 -0.0677526 0.125726 0.992057 -0.00385321 -0.0339318 0.698535 -0.085768 0.710417 0.363392
0.701531 0.0321609 -0.711913 -0.0601483 0.0786011 0.989394 0.122151 -0.0394571 0.708291 -0.14165 0.691563 0.359681
0.735366 0.105807 -0.669359 -0.0471703 0.0479972 0.977123 0.207186 -0.0454878 0.675968 -0.184485 0.713465 0.353034
0.807249 0.117177 -0.578462 -0.0303379 0.0227433 0.97319 0.228874 -0.0539615 0.589772 -0.197915 0.782942 0.344774
0.845552 0.0267761 -0.533221 -0.0264189 0.09359 0.975843 0.197412 -0.0544041 0.525626 -0.216827 0.82262 0.34418
0.835643 -0.0978611 -0.540485 -0.0280292 0.235852 0.952599 0.192171 -0.0434512 0.496059 -0.288061 0.819113 0.347897
0.777827 -0.184173 -0.600887 -0.0354924 0.349531 0.921363 0.170055 -0.0300808 0.522315 -0.342302 0.781036 0.353937
0.696664 -0.273724 -0.663125 -0.0456849 0.454112 0.883845 0.112247 -0.0157131 0.555375 -0.379332 0.740045 0.360853
0.615197 -0.380878 -0.690264 -0.0564145 0.54756 0.836346 0.026528 -0.0011178 0.567196 -0.394281 0.723071 0.368779
0.512969 -0.48207 -0.710261 -0.0681571 0.636579 0.768716 -0.061991 0.00857183 0.575873 -0.420337 0.701204 0.370716
0.406491 -0.582348 -0.704014 -0.0817939 0.726827 0.67301 -0.137039 0.0185299 0.553613 -0.455991 0.696839 0.369922
0.321473 -0.674839 -0.664264 -0.0987269 0.800473 0.568428 -0.190086 0.0283177 0.505864 -0.470618 0.722925 0.368634
0.225318 -0.744748 -0.628157 -0.11889 0.865266 0.449311 -0.222339 0.0370768 0.447825 -0.493426 0.745643 0.361201
0.238686 -0.77542 -0.584596 -0.136709 0.916384 0.379064 -0.128646 0.0466966 0.321354 -0.505009 0.80106 0.347346
0.266757 -0.767434 -0.582997 -0.144519 0.942227 0.334835 -0.00963651 0.0521441 0.202604 -0.546746 0.812417 0.335406
0.265999 -0.717404 -0.643875 -0.148444 0.958204 0.269741 0.0953105 0.0551352 0.105304 -0.642317 0.759171 0.3169
0.216873 -0.702361 -0.677979 -0.158677 0.97617 0.161473 0.14498 0.0595789 0.00764681 -0.693265 0.720642 0.300198
0.121172 -0.742423 -0.658882 -0.178665 0.98801 0.0262309 0.152144 0.0656571 -0.0956722 -0.669418 0.736699 0.28326
0.000456382 -0.768004 -0.640445 -0.203072 0.981041 -0.123773 0.149125 0.068247 -0.193798 -0.628371 0.753387 0.271093
-0.105502 -0.796751 -0.595028 -0.226464 0.972084 -0.20874 0.10715 0.0699626 -0.209578 -0.567112 0.796531 0.267153
-0.211606 -0.783364 -0.584435 -0.257374 0.959526 -0.280208 0.0281703 0.0758111 -0.185831 -0.554819 0.810952 0.267453
-0.329674 -0.756505 -0.564814 -0.291302 0.915643 -0.401973 0.00394834 0.0794713 -0.230027 -0.515867 0.825209 0.260755
-0.414522 -0.695884 -0.586445 -0.336886 0.859934 -0.510401 -0.00218566 0.0832182 -0.297801 -0.50521 0.809986 0.242669
-0.480767 -0.683361 -0.549436 -0.388602 0.82983 -0.55702 -0.0333236 0.0951668 -0.283275 -0.47196 0.834871 0.23134
-0.438149 -0.722759 -0.534457 -0.420348 0.852101 -0.523297 0.00911243 0.105916 -0.286266 -0.451419 0.845146 0.223874
-0.342864 -0.767245 -0.542013 -0.41144 0.903826 -0.426683 0.0322518 0.115311 -0.256013 -0.478828 0.839751 0.224396
-0.24147 -0.773406 -0.586119 -0.383269 0.941561 -0.332903 0.0513729 0.119145 -0.234853 -0.539462 0.808595 0.229167
-0.174469 -0.768154 -0.616035 -0.331804 0.953527 -0.287886 0.0889228 0.111709 -0.245655 -0.571892 0.782683 0.238304
-0.119518 -0.769307 -0.6276 -0.26668 0.958964 -0.253148 0.127685 0.0967642 -0.257105 -0.586585 0.767994 0.249245
-0.0246215 -0.792036 -0.609978 -0.22511 0.965446 -0.177185 0.191099 0.0838314 -0.259436 -0.584196 0.769031 0.257868
0.0459645 -0.807091 -0.588635 -0.199842 0.971388 -0.101333 0.214793 0.0719607 -0.233006 -0.581666 0.779341 0.269281
0.045071 -0.800438 -0.597718 -0.201255 0.960005 -0.130801 0.247553 0.0781953 -0.276333 -0.58497 0.762529 0.263809
-0.0198702 -0.777576 -0.628475 -0.214818 0.947604 -0.215103 0.236174 0.0783138 -0.31883 -0.590852 0.741108 0.259451
-0.0117413 -0.781577 -0.623699 -0.216439 0.938661 -0.223597 0.262526 0.0853291 -0.344642 -0.582359 0.736261 0.253132
0.0684619 -0.796096 -0.601285 -0.212873 0.943401 -0.144384 0.298578 0.0846386 -0.324512 -0.587694 0.741153 0.255841
0.106076 -0.795143 -0.597073 -0.212982 0.937169 -0.120756 0.327312 0.0880713 -0.33236 -0.594278 0.732373 0.25306
0.135472 -0.8023 -0.581346 -0.207575 0.928757 -0.10151 0.356521 0.0888885 -0.345049 -0.588227 0.731389 0.250207
0.170053 -0.8126 -0.557461 -0.197258 0.924259 -0.0646925 0.376245 0.0880143 -0.341801 -0.57922 0.740052 0.250562
0.191887 -0.81595 -0.545348 -0.194053 0.919389 -0.0449629 0.390771 0.0867781 -0.34337 -0.576371 0.741548 0.249998
0.185428 -0.815612 -0.548082 -0.195842 0.917433 -0.0561271 0.393911 0.0886975 -0.352041 -0.575871 0.737862 0.248439
0.181853 -0.817986 -0.545737 -0.196997 0.921093 -0.0526002 0.385772 0.0864516 -0.344262 -0.572829 0.743876 0.251111
0.150454 -0.817443 -0.556013 -0.201512 0.922281 -0.0864887 0.376719 0.090278 -0.356035 -0.569479 0.7409 0.249846
0.160875 -0.815966 -0.555264 -0.199337 0.916377 -0.0854626 0.391088 0.0937616 -0.366569 -0.571747 0.733984 0.245509
