-0.720136 0.68935 0.0787404 -0.28725 0.666793 0.718974 -0.196121 -0.14396 -0.191808 -0.0887302 -0.977413 0.20323
-0.685146 0.725957 0.0596719 -0.276586 0.703546 0.680758 -0.20394 -0.140987 -0.188674 -0.097747 -0.977163 0.198644
-0.616939 0.786744 0.0205194 -0.261502 0.770294 0.608974 -0.189202 -0.132917 -0.161349 -0.10092 -0.981724 0.200889
-0.571437 0.820613 -0.00736514 -0.250731 0.810219 0.562728 -0.163961 -0.1322 -0.130404 -0.0996609 -0.986439 0.201253
-0.520254 0.853205 -0.0371075 -0.237088 0.848308 0.511279 -0.137719 -0.131344 -0.0985301 -0.103127 -0.989776 0.202452
-0.453888 0.889406 -0.054243 -0.22333 0.888499 0.447133 -0.103159 -0.132368 -0.0674961 -0.0950173 -0.993185 0.208479
-0.417783 0.905534 -0.0739351 -0.213915 0.908181 0.41392 -0.0622704 -0.1316 -0.0257848 -0.0931619 -0.995317 0.214099
-0.384662 0.917062 -0.10503 -0.204466 0.922525 0.385808 -0.0100041 -0.135535 0.0313472 -0.100741 -0.994419 0.22087
-0.368475 0.920065 -0.133066 -0.196763 0.92362 0.37858 0.0600241 -0.142679 0.105602 -0.100785 -0.989288 0.229303
-0.36125 0.915978 -0.174591 -0.198434 0.912095 0.386033 0.138059 -0.14111 0.193858 -0.10937 -0.974914 0.250653
-0.36954 0.906931 -0.20228 -0.196107 0.88909 0.408382 0.206743 -0.1504 0.270109 -0.103445 -0.957257 0.25642
-0.387359 0.893707 -0.226364 -0.19948 0.858386 0.439197 0.265104 -0.159702 0.336343 -0.0916172 -0.937272 0.266132
-0.406182 0.880269 -0.245239 -0.202394 0.825975 0.468475 0.313522 -0.168042 0.390872 -0.0752145 -0.917367 0.273109
-0.436712 0.872926 -0.217447 -0.208713 0.79929 0.487431 0.351491 -0.176238 0.412816 -0.0203028 -0.910588 0.278532
-0.508516 0.828664 -0.233939 -0.216931 0.762875 0.559577 0.323875 -0.182199 0.399291 -0.013771 -0.916721 0.27949
-0.558908 0.790431 -0.250681 -0.224588 0.729811 0.612411 0.303857 -0.183985 0.393698 -0.0131215 -0.919146 0.280237
-0.612634 0.749407 -0.251136 -0.233275 0.692297 0.662107 0.286948 -0.189382 0.38132 0.00193356 -0.924441 0.280472
-0.665366 0.705314 -0.244581 -0.244665 0.643106 0.70793 0.291975 -0.193958 0.379081 0.0369789 -0.924624 0.27936
-0.707617 0.660265 -0.251651 -0.253222 0.60449 0.750086 0.26826 -0.196663 0.365882 0.037705 -0.929897 0.277942
-0.762175 0.595666 -0.253518 -0.264901 0.549745 0.802343 0.232436 -0.197896 0.341862 0.0377866 -0.93899 0.274039
-0.804665 0.549862 -0.223977 -0.276231 0.5089 0.83306 0.21687 -0.201882 0.305835 0.0605261 -0.950159 0.269208
-0.829529 0.524735 -0.191142 -0.284129 0.490206 0.848132 0.200921 -0.201191 0.267544 0.0729709 -0.960779 0.266638
-0.858831 0.488312 -0.154791 -0.294963 0.466461 0.870378 0.157661 -0.199047 0.211715 0.0632004 -0.975286 0.258873
-0.870138 0.485726 -0.0832491 -0.301443 0.476126 0.872182 0.112259 -0.194623 0.127136 0.0580441 -0.990186 0.248607
-0.87055 0.490924 -0.0337125 -0.303588 0.488344 0.870336 0.0635275 -0.18591 0.0605283 0.0388405 -0.997411 0.239512
-0.859929 0.510273 0.0119784 -0.305578 0.5104 0.8595 0.0273972 -0.179544 0.00368463 0.0296734 -0.999553 0.231317
-0.832403 0.551826 0.0509248 -0.302775 0.551699 0.833854 -0.0177888 -0.170797 -0.0522801 0.0132877 -0.998544 0.221019
-0.80418 0.588518 0.083313 -0.298862 0.585472 0.808484 -0.0598096 -0.162819 -0.102556 0.000679702 -0.994727 0.212929
-0.761853 0.639238 0.104665 -0.294822 0.633149 0.769008 -0.0880239 -0.152675 -0.136757 -0.000792516 -0.990604 0.20724
-0.712848 0.695292 0.0917473 -0.284345 0.688775 0.718713 -0.0950815 -0.146373 -0.132049 -0.00458542 -0.991233 0.204291
-0.638115 0.766618 0.0714623 -0.271811 0.76163 0.642103 -0.0873169 -0.135007 -0.112825 -0.00129038 -0.993614 0.20662
-0.591063 0.80523 0.0474278 -0.260872 0.800869 0.592842 -0.0845419 -0.13133 -0.0961928 -0.0119861 -0.995291 0.20777
-0.543947 0.838739 0.0252647 -0.248961 0.834529 0.543871 -0.0881191 -0.127851 -0.0876497 -0.026848 -0.995789 0.210733
-0.480286 0.87711 -0.00151227 -0.235149 0.874578 0.478768 -0.0767745 -0.125014 -0.0666156 -0.0381963 -0.997047 0.213343
-0.446629 0.894134 -0.032371 -0.224773 0.894414 0.445239 -0.042255 -0.126138 -0.0233688 -0.0478254 -0.998582 0.217792
-0.418346 0.905666 -0.0689584 -0.213472 0.908113 0.418548 -0.0121888 -0.128671 0.0178234 -0.0677211 -0.997545 0.22199
-0.412193 0.90537 -0.101992 -0.204829 0.906947 0.418409 0.0488019 -0.134852 0.0868582 -0.0723857 -0.993587 0.233638
-0.413302 0.899625 -0.140915 -0.202743 0.897802 0.428435 0.101956 -0.136608 0.152095 -0.0843752 -0.984758 0.24528
-0.411718 0.897375 -0.158767 -0.198687 0.884175 0.435547 0.168919 -0.146528 0.220734 -0.0708311 -0.972759 0.252581
-0.41337 0.893292 -0.176509 -0.198836 0.864828 0.445823 0.2309 -0.156126 0.284953 -0.0572027 -0.956833 0.259348
-0.423737 0.883207 -0.200979 -0.199829 0.837285 0.466573 0.285067 -0.163158 0.345544 -0.0474831 -0.9372 0.268617
-0.46329 0.861215 -0.208976 -0.202378 0.795172 0.508079 0.330994 -0.176155 0.391233 -0.0128256 -0.920202 0.275919
-0.521784 0.82742 -0.207649 -0.210852 0.753415 0.561137 0.342771 -0.184101 0.400135 0.0224066 -0.916182 0.281532
-0.580615 0.781842 -0.227178 -0.220142 0.709076 0.622706 0.33083 -0.188205 0.400122 0.0309985 -0.915937 0.282451
-0.650678 0.727552 -0.217455 -0.232375 0.659259 0.683358 0.313687 -0.191071 0.376823 0.0607506 -0.924291 0.281729
-0.696314 0.690405 -0.196181 -0.243126 0.625839 0.717855 0.304974 -0.195291 0.351385 0.0895795 -0.931936 0.279461
-0.739674 0.646608 -0.186494 -0.253458 0.59106 0.756705 0.279366 -0.195241 0.321761 0.0964106 -0.941899 0.275468
-0.775995 0.608744 -0.165112 -0.264572 0.564372 0.787017 0.249175 -0.193963 0.28163 0.100174 -0.95428 0.268731
-0.797392 0.59242 -0.114915 -0.273903 0.557592 0.796121 0.235122 -0.191153 0.230777 0.123408 -0.965149 0.263585
-0.813311 0.576502 -0.0785561 -0.281408 0.556354 0.810093 0.184984 -0.18834 0.170282 0.106745 -0.979597 0.25385
-0.813118 0.581329 -0.0299446 -0.285695 0.57233 0.807797 0.141076 -0.17909 0.106201 0.0975736 -0.989546 0.248556
-0.802581 0.59629 0.0173795 -0.288199 0.594763 0.797596 0.100486 -0.170678 0.0460568 0.0909845 -0.994787 0.240269
-0.789877 0.6114 0.0477985 -0.289709 0.613191 0.788594 0.0460047 -0.163931 -0.0095664 0.0656476 -0.997797 0.231979
-0.769209 0.634406 0.0764601 -0.286862 0.636565 0.771206 0.00515362 -0.158003 -0.055697 0.052636 -0.997059 0.222915
-0.743673 0.658152 0.11742 -0.28575 0.6599 0.750799 -0.0288712 -0.152679 -0.107161 0.056015 -0.992663 0.216106
-0.714081 0.688132 0.128692 -0.283407 0.683686 0.725022 -0.0831714 -0.143148 -0.150537 0.0285937 -0.988191 0.207891
-0.681581 0.723803 0.107502 -0.274968 0.716309 0.68998 -0.104068 -0.138287 -0.149499 0.00607392 -0.988743 0.204058
-0.599918 0.799123 0.0387508 -0.258936 0.794201 0.600676 -0.0918286 -0.130383 -0.096659 -0.0243137 -0.995021 0.210429
-0.561889 0.827202 -0.00415343 -0.248445 0.825742 0.560583 -0.0624264 -0.130797 -0.0493109 -0.0385064 -0.998041 0.212816
-0.515232 0.856214 -0.0378737 -0.236139 0.857026 0.514381 -0.030302 -0.131825 -0.00646348 -0.0480714 -0.998823 0.218141
-0.476637 0.875218 -0.0825258 -0.225573 0.878334 0.478038 -0.00313927 -0.135041 0.0367029 -0.0739815 -0.996584 0.224218
-0.444216 0.889729 -0.105139 -0.21667 0.892179 0.450017 0.0387366 -0.131692 0.0817793 -0.076595 -0.993703 0.233074
-0.405351 0.906371 -0.11909 -0.20658 0.903087 0.417244 0.101693 -0.136922 0.141861 -0.0663274 -0.987662 0.240147
-0.377866 0.918299 -0.118088 -0.199929 0.904079 0.393466 0.166809 -0.145145 0.199644 -0.0437292 -0.978892 0.246102
-0.376698 0.917566 -0.127165 -0.197782 0.888427 0.396732 0.230873 -0.1546 0.262291 -0.0260073 -0.964638 0.255089
-0.381632 0.909697 -0.163735 -0.198039 0.858643 0.414489 0.301548 -0.166127 0.342184 -0.0255097 -0.939287 0.268092
-0.388196 0.903913 -0.179568 -0.198193 0.826498 0.427669 0.366059 -0.175372 0.407682 -0.00631003 -0.913102 0.279301
-0.411415 0.893913 -0.177926 -0.200814 0.789066 0.447028 0.421357 -0.188942 0.456194 0.0329573 -0.88927 0.282937
-0.446102 0.874862 -0.188704 -0.207342 0.745074 0.479845 0.463263 -0.199837 0.49584 0.0660644 -0.865897 0.287825
-0.508321 0.840957 -0.185475 -0.219462 0.70573 0.530222 0.469904 -0.208946 0.493512 0.107967 -0.863012 0.292253
-0.572634 0.799944 -0.179391 -0.232666 0.660651 0.579843 0.476783 -0.213483 0.485418 0.154507 -0.860521 0.291238
-0.624281 0.759433 -0.183126 -0.241725 0.632605 0.628986 0.451872 -0.213287 0.45835 0.166249 -0.873085 0.290203
-0.673845 0.725485 -0.140016 -0.254399 0.613615 0.655034 0.440917 -0.215364 0.411594 0.211194 -0.88656 0.285943
-0.706936 0.699319 -0.105801 -0.263737 0.600753 0.672656 0.432006 -0.212479 0.373278 0.241841 -0.895643 0.281628
-0.741431 0.664752 -0.091573 -0.271821 0.584288 0.706657 0.399052 -0.211893 0.329981 0.242365 -0.912344 0.276659
-0.759811 0.644344 -0.0866497 -0.277643 0.580591 0.732449 0.355574 -0.208323 0.292578 0.219861 -0.930623 0.274264
-0.779412 0.624329 -0.0522579 -0.287018 0.576923 0.747743 0.328694 -0.200306 0.244289 0.226039 -0.94299 0.26543
-0.791724 0.610844 -0.00656439 -0.295555 0.584892 0.7611 0.280407 -0.195988 0.176281 0.218166 -0.959859 0.257279
-0.796582 0.60444 -0.0104224 -0.29746 0.587396 0.777966 0.223014 -0.191473 0.142907 0.171527 -0.97476 0.253257
-0.792447 0.609343 0.0269899 -0.299919 0.604022 0.777839 0.173564 -0.179321 0.0847663 0.153843 -0.984453 0.248416
-0.776466 0.625678 0.075015 -0.301977 0.629757 0.766199 0.12785 -0.169975 0.0225165 0.146512 -0.988953 0.237643
-0.771692 0.631423 0.0761351 -0.302331 0.635403 0.770598 0.049419 -0.161314 -0.0274652 0.0865127 -0.995872 0.229006
-0.753771 0.648437 0.106574 -0.296348 0.650549 0.759242 -0.0183507 -0.15532 -0.0928148 0.0554993 -0.994135 0.219968
-0.723704 0.678252 0.127386 -0.292199 0.666068 0.734786 -0.128228 -0.141558 -0.180573 -0.00795097 -0.98353 0.204618
-0.714549 0.690723 0.111 -0.283953 0.668253 0.720853 -0.18387 -0.139584 -0.207018 -0.0572079 -0.976663 0.193597
-0.710229 0.699134 0.0823866 -0.278556 0.663255 0.703776 -0.254542 -0.131154 -0.23594 -0.12614 -0.963546 0.185627
-0.698533 0.71418 0.044708 -0.265778 0.674679 0.678141 -0.291432 -0.123662 -0.238453 -0.173412 -0.955546 0.178546
-0.666903 0.745134 -0.00408697 -0.2543 0.71556 0.638884 -0.282492 -0.117513 -0.207883 -0.191319 -0.959261 0.180722
-0.648564 0.759791 -0.0456289 -0.246596 0.745569 0.622065 -0.239086 -0.119854 -0.153271 -0.189082 -0.969926 0.183887
-0.619544 0.779709 -0.0906649 -0.236486 0.780321 0.599217 -0.178991 -0.120771 -0.0852332 -0.181641 -0.979664 0.194562
-0.595323 0.793399 -0.126916 -0.228152 0.803123 0.582836 -0.123675 -0.123613 -0.0241524 -0.175556 -0.984173 0.203672
-0.5685 0.809241 -0.148113 -0.220339 0.821669 0.567458 -0.0533993 -0.125384 0.040835 -0.152057 -0.987528 0.214951
-0.538412 0.822523 -0.183217 -0.211681 0.834457 0.550706 0.0201232 -0.131966 0.11745 -0.142052 -0.982867 0.224682
-0.512695 0.829451 -0.221707 -0.202292 0.835922 0.541162 0.0915366 -0.14162 0.195904 -0.138399 -0.970807 0.23388
-0.486226 0.840689 -0.238381 -0.201228 0.834338 0.527728 0.159318 -0.144642 0.259738 -0.121426 -0.958015 0.251055
-0.462844 0.854936 -0.234222 -0.196513 0.83019 0.510693 0.223554 -0.152488 0.31074 -0.0909787 -0.946131 0.257204
-0.459374 0.863571 -0.207896 -0.197189 0.815784 0.502772 0.285863 -0.160983 0.351387 -0.0382804 -0.935447 0.265911
-0.48349 0.859023 -0.168278 -0.204886 0.797938 0.511552 0.318762 -0.168216 0.359907 0.0198432 -0.932777 0.271206
-0.523373 0.84332 -0.122032 -0.212714 0.776615 0.531022 0.338947 -0.175966 0.350642 0.0826233 -0.932858 0.272103
-0.574011 0.811182 -0.111784 -0.223307 0.750637 0.575817 0.324005 -0.179728 0.327194 0.102073 -0.939428 0.274095
-0.641126 0.761524 -0.09507 -0.236116 0.708899 0.635115 0.306743 -0.18281 0.293972 0.129266 -0.947033 0.270773
-0.692663 0.71675 -0.080545 -0.249095 0.668802 0.680077 0.300332 -0.185289 0.270039 0.15416 -0.950428 0.267725
-0.725503 0.686355 -0.0506178 -0.257989 0.64292 0.702157 0.30599 -0.188858 0.245559 0.189454 -0.950688 0.267049
-0.755493 0.654867 -0.0194947 -0.268537 0.622614 0.72691 0.289747 -0.19006 0.203917 0.206764 -0.956905 0.261385
-0.789413 0.613861 -0.00103506 -0.28399 0.591489 0.761092 0.266234 -0.190143 0.164218 0.209556 -0.963908 0.256936
-0.801159 0.595981 0.0543282 -0.29382 0.585579 0.761961 0.27661 -0.191959 0.123458 0.253422 -0.959445 0.252571
-0.804618 0.583447 0.110359 -0.299103 0.590547 0.766876 0.251306 -0.189673 0.0619918 0.267377 -0.961596 0.247228
-0.816414 0.565459 0.117151 -0.30155 0.577 0.790638 0.204845 -0.185494 0.0232076 0.234835 -0.971758 0.240367
-0.821742 0.549756 0.150029 -0.306795 0.568843 0.807057 0.158353 -0.183377 -0.0340263 0.215468 -0.975918 0.231861
-0.8059 0.558493 0.196496 -0.310868 0.585509 0.801023 0.124663 -0.177732 -0.0877742 0.215516 -0.972547 0.222193
-0.792366 0.574735 0.204538 -0.309324 0.594868 0.802253 0.0502135 -0.169675 -0.135232 0.161461 -0.97757 0.214481
-0.773391 0.592859 0.224466 -0.308845 0.605386 0.795772 -0.0159505 -0.163212 -0.18808 0.123553 -0.974351 0.205501
-0.7404 0.622391 0.253846 -0.306907 0.629644 0.774391 -0.0621838 -0.155342 -0.235278 0.113792 -0.965244 0.198618
-0.71792 0.658703 0.22517 -0.297069 0.646981 0.750746 -0.133401 -0.149603 -0.256917 0.0499093 -0.965144 0.191977
-0.699602 0.685872 0.200343 -0.293113 0.66047 0.727716 -0.184953 -0.141596 -0.272647 0.0029274 -0.96211 0.187654
-0.666443 0.726194 0.168804 -0.28454 0.693807 0.686962 -0.216137 -0.132027 -0.27292 -0.0269258 -0.96166 0.185582
-0.647701 0.754301 0.1073 -0.269016 0.723413 0.65305 -0.224053 -0.127473 -0.239075 -0.0674969 -0.968652 0.183973
-0.619194 0.782768 0.0622327 -0.259113 0.756559 0.615926 -0.219669 -0.121846 -0.210281 -0.0889348 -0.973588 0.185838
-0.583476 0.812035 0.0124109 -0.248484 0.796583 0.575215 -0.185966 -0.116857 -0.15815 -0.0986206 -0.982478 0.192425
-0.565404 0.824184 -0.0322391 -0.238847 0.818108 0.555404 -0.149082 -0.116268 -0.104965 -0.110666 -0.988299 0.193525
-0.535344 0.840015 -0.0882124 -0.225565 0.843717 0.526973 -0.102179 -0.116758 -0.0393462 -0.129127 -0.990847 0.202144
-0.501229 0.854888 -0.133929 -0.213472 0.865043 0.498914 -0.0527787 -0.11865 0.0216993 -0.142309 -0.989584 0.207725
-0.472873 0.864009 -0.172854 -0.201128 0.875453 0.482931 0.018965 -0.123639 0.0998625 -0.142358 -0.984765 0.215441
-0.444541 0.871284 -0.207961 -0.197104 0.881 0.46724 0.0743324 -0.124774 0.161932 -0.15017 -0.975309 0.229774
-0.41462 0.87692 -0.243107 -0.189141 0.876278 0.456793 0.153221 -0.131778 0.245412 -0.149501 -0.957822 0.241202
-0.39586 0.878459 -0.267588 -0.181155 0.864115 0.454956 0.215224 -0.140343 0.310806 -0.146028 -0.939189 0.248113
-0.391206 0.878713 -0.273534 -0.178975 0.845112 0.460676 0.271227 -0.151871 0.364341 -0.125062 -0.92283 0.258365
-0.400914 0.868754 -0.290747 -0.180239 0.815597 0.483008 0.318599 -0.162511 0.417217 -0.109402 -0.902198 0.266964
-0.418243 0.864004 -0.280301 -0.181482 0.785469 0.499 0.36611 -0.173053 0.456191 -0.0670451 -0.887353 0.271568
-0.465352 0.837872 -0.285339 -0.18906 0.746377 0.544741 0.382333 -0.18221 0.475782 -0.0350511 -0.878865 0.279191
-0.519413 0.794888 -0.31363 -0.197565 0.705352 0.606004 0.367746 -0.186598 0.482378 -0.030207 -0.875442 0.280346
-0.569388 0.769735 -0.288628 -0.206994 0.671719 0.638036 0.376435 -0.19203 0.47391 0.0204608 -0.880335 0.279586
-0.601549 0.761705 -0.240716 -0.215657 0.66281 0.644116 0.381835 -0.194908 0.445894 0.0701434 -0.892333 0.279328
-0.65409 0.727423 -0.207419 -0.227373 0.637623 0.677755 0.366175 -0.197948 0.406943 0.107256 -0.907135 0.277863
-0.706574 0.677734 -0.203546 -0.240307 0.604618 0.727649 0.323981 -0.1971 0.367682 0.105849 -0.923908 0.274088
-0.736064 0.657178 -0.162255 -0.251862 0.589123 0.739981 0.324596 -0.198476 0.333383 0.143336 -0.931832 0.268945
-0.758442 0.644719 -0.0954085 -0.261932 0.589894 0.741318 0.320113 -0.196242 0.277111 0.186506 -0.942563 0.267809
-0.778969 0.625086 -0.0497431 -0.270456 0.585186 0.753161 0.300508 -0.193017 0.225308 0.204978 -0.952481 0.264167
-0.794693 0.60699 -0.00513927 -0.278393 0.586163 0.76957 0.253327 -0.189609 0.157722 0.198305 -0.967367 0.254843
-0.786618 0.615443 0.0496223 -0.283898 0.607803 0.75769 0.237658 -0.18299 0.108666 0.217106 -0.970081 0.249065
-0.775106 0.620342 0.119942 -0.288466 0.630226 0.745554 0.216712 -0.175885 0.0450123 0.243565 -0.96884 0.240793
-0.770405 0.618025 0.156593 -0.292283 0.637163 0.754959 0.155117 -0.17032 -0.0223548 0.219278 -0.975406 0.230961
-0.765734 0.622359 0.162239 -0.293658 0.639952 0.762433 0.0956986 -0.164111 -0.0641374 0.177105 -0.9821 0.221953
-0.750973 0.637815 0.170972 -0.291896 0.652209 0.756929 0.0410019 -0.155453 -0.103262 0.142301 -0.984422 0.217334
-0.73949 0.660121 0.131889 -0.289524 0.66083 0.749206 -0.0446608 -0.146008 -0.128293 0.0541298 -0.990258 0.209847
-0.726606 0.681489 0.0872775 -0.28148 0.675808 0.731812 -0.0879489 -0.141398 -0.123807 -0.00492135 -0.992294 0.206281
-0.71904 0.694925 0.00775255 -0.272315 0.686949 0.712389 -0.14354 -0.135827 -0.105272 -0.0978855 -0.989614 0.204145
-0.712757 0.699695 -0.0490292 -0.267226 0.695777 0.696461 -0.175604 -0.131642 -0.0887224 -0.159276 -0.983239 0.203453
-0.697924 0.707027 -0.114083 -0.260379 0.714158 0.675138 -0.184842 -0.127245 -0.0536665 -0.210479 -0.976124 0.205202
-0.682521 0.71033 -0.172035 -0.24974 0.730839 0.665317 -0.152405 -0.125847 0.00620018 -0.22975 -0.97323 0.206989
-0.667459 0.70257 -0.246766 -0.240655 0.741238 0.658534 -0.13 -0.125764 0.0711695 -0.269682 -0.960316 0.209561
-0.653709 0.684793 -0.32206 -0.231849 0.743719 0.659997 -0.106235 -0.125829 0.13981 -0.308969 -0.94074 0.216634
-0.633795 0.661787 -0.400428 -0.22345 0.744105 0.663011 -0.082007 -0.126801 0.211217 -0.349936 -0.912651 0.21897
-0.620432 0.631791 -0.464654 -0.214006 0.733247 0.677494 -0.0578838 -0.129654 0.27823 -0.37662 -0.883598 0.223488
-0.613118 0.603736 -0.5095 -0.207891 0.714049 0.699433 -0.0304685 -0.132161 0.337966 -0.382489 -0.859931 0.231791
-0.596283 0.564179 -0.571094 -0.199968 0.692086 0.721751 -0.00960072 -0.132644 0.406771 -0.400971 -0.820829 0.237408
-0.572556 0.513443 -0.639184 -0.191709 0.659836 0.751306 0.0124538 -0.134986 0.486617 -0.414626 -0.768953 0.244066
-0.54195 0.457571 -0.704925 -0.183217 0.614093 0.788243 0.039535 -0.142362 0.573742 -0.411464 -0.708179 0.250767
-0.525008 0.42713 -0.736157 -0.178398 0.586745 0.808197 0.0504783 -0.146109 0.61652 -0.405435 -0.674926 0.253934
-0.51608 0.394165 -0.760458 -0.174687 0.552514 0.831614 0.0560862 -0.150808 0.654514 -0.391219 -0.646961 0.257971
-0.495376 0.337534 -0.80042 -0.167968 0.506872 0.860615 0.0492176 -0.156891 0.705467 -0.381329 -0.597415 0.261908
-0.468753 0.269344 -0.841263 -0.16081 0.45504 0.889918 0.0313728 -0.164848 0.757105 -0.368103 -0.539715 0.263152
-0.450134 0.229899 -0.862859 -0.156632 0.423473 0.905679 0.020392 -0.168997 0.786161 -0.356218 -0.505034 0.264088
-0.405761 0.165943 -0.898789 -0.148707 0.365503 0.930785 0.00684279 -0.176001 0.837715 -0.325734 -0.438329 0.26613
-0.361629 0.127545 -0.923556 -0.14038 0.316694 0.948502 0.00698449 -0.182981 0.876886 -0.289959 -0.383399 0.269383
-0.323458 0.0980588 -0.941148 -0.131947 0.28125 0.959629 0.00332288 -0.191433 0.903478 -0.263623 -0.337979 0.270523
-0.281442 0.0389548 -0.958787 -0.124386 0.250137 0.967609 -0.0341117 -0.196532 0.926403 -0.249428 -0.28207 0.269037
-0.23211 -0.0463604 -0.971584 -0.118231 0.206582 0.973726 -0.0958148 -0.200553 0.950499 -0.222952 -0.216434 0.26746
-0.198747 -0.0861264 -0.976259 -0.114317 0.18198 0.975565 -0.123113 -0.201716 0.963007 -0.202128 -0.178217 0.26653
-0.153427 -0.123011 -0.980474 -0.110584 0.160654 0.975915 -0.147579 -0.204249 0.975013 -0.180159 -0.12997 0.264869
-0.0665481 -0.16331 -0.984328 -0.0977799 0.130058 0.976678 -0.170834 -0.208413 0.989271 -0.139389 -0.0437563 0.261856
0.0170845 -0.170932 -0.985135 -0.0856885 0.124338 0.977994 -0.167536 -0.211418 0.992093 -0.119627 0.0379618 0.257519
0.11961 -0.15442 -0.980739 -0.0747857 0.135783 0.981092 -0.137916 -0.20853 0.983492 -0.116672 0.138316 0.247338
0.230404 -0.147085 -0.961915 -0.058891 0.134018 0.983887 -0.118344 -0.207919 0.963822 -0.101647 0.246404 0.236821
0.338959 -0.169105 -0.925478 -0.0453475 0.132213 0.982513 -0.131103 -0.206278 0.931465 -0.0779219 0.355389 0.226018
0.444567 -0.19216 -0.874891 -0.0336152 0.136047 0.979872 -0.146087 -0.203767 0.885354 -0.0540807 0.461762 0.211684
0.557003 -0.19501 -0.807291 -0.0212973 0.135564 0.980353 -0.143281 -0.200396 0.819372 -0.0296324 0.572496 0.195723
0.650495 -0.168589 -0.740563 -0.00829767 0.133564 0.98525 -0.106972 -0.193473 0.747674 -0.0293281 0.663418 0.183093
0.736658 -0.132073 -0.663243 0.00535696 0.139393 0.989338 -0.0421867 -0.190227 0.661743 -0.0613745 0.747214 0.167064
0.778952 -0.107175 -0.617857 0.0120447 0.142351 0.989786 0.00777575 -0.186817 0.610712 -0.0940095 0.786252 0.158914
0.815089 -0.0889324 -0.572469 0.0184293 0.146667 0.987633 0.0553981 -0.18077 0.560463 -0.129117 0.818052 0.152555
0.8538 -0.0873897 -0.513214 0.0258398 0.162103 0.981429 0.102563 -0.177555 0.494721 -0.170762 0.85211 0.136095
0.878175 -0.131729 -0.459843 0.0311375 0.193889 0.976845 0.0904436 -0.170751 0.437282 -0.168584 0.883382 0.124632
0.890976 -0.197122 -0.409029 0.0350039 0.225142 0.9741 0.0209743 -0.16001 0.3943 -0.110777 0.912281 0.116479
0.901341 -0.241755 -0.359359 0.0393147 0.239145 0.969567 -0.0524459 -0.154093 0.361102 -0.0386671 0.931724 0.109895
0.91218 -0.264185 -0.313263 0.0420021 0.244418 0.964338 -0.101546 -0.144085 0.328919 0.0160612 0.944222 0.106251
0.927105 -0.274716 -0.254964 0.0463939 0.251418 0.960345 -0.12053 -0.133637 0.277965 0.047641 0.959409 0.0950102
0.939222 -0.274266 -0.206494 0.0481242 0.266657 0.961639 -0.0643849 -0.124197 0.216231 0.00540873 0.976327 0.08763
0.941449 -0.305526 -0.142577 0.0484764 0.302058 0.952184 -0.0458992 -0.11649 0.149783 0.000145172 0.988719 0.0815954
0.936297 -0.3369 -0.0992262 0.0491914 0.330799 0.940867 -0.0730908 -0.111694 0.117983 0.0356108 0.992377 0.0777317
0.927917 -0.369236 -0.0513331 0.0480617 0.361221 0.924597 -0.120999 -0.107473 0.0921397 0.0937349 0.991324 0.0754414
0.925654 -0.378355 -0.00348642 0.0428656 0.373437 0.915028 -0.152541 -0.105185 0.0609048 0.139898 0.988291 0.0748996
0.922503 -0.385875 -0.00939216 0.0371626 0.381182 0.914572 -0.135124 -0.103561 0.0607309 0.121072 0.990784 0.0771794
0.910656 -0.411713 -0.0346216 0.0381407 0.403121 0.903756 -0.143941 -0.102661 0.0905518 0.117124 0.98898 0.0886551
0.916761 -0.391787 -0.0777953 0.0361014 0.382457 0.917163 -0.111977 -0.106203 0.115222 0.0729032 0.990661 0.0973907
0.922436 -0.368046 -0.116849 0.0365845 0.362859 0.929663 -0.0637129 -0.11259 0.132079 0.0163714 0.991104 0.106947
0.935687 -0.327616 -0.13099 0.0390033 0.322172 0.944688 -0.0614019 -0.119952 0.143861 0.0152516 0.98948 0.109101
0.948028 -0.281047 -0.14918 0.0423912 0.27548 0.959604 -0.0571884 -0.128286 0.159226 0.0131202 0.987155 0.112559
0.962955 -0.236572 -0.129429 0.0469616 0.232641 0.971525 -0.0449072 -0.13822 0.136367 0.0131332 0.990571 0.110296
0.975278 -0.203578 -0.0859576 0.0484925 0.197875 0.977694 -0.0704255 -0.144416 0.0983773 0.0516756 0.993807 0.107887
0.986245 -0.148151 -0.0732916 0.0529837 0.143081 0.987219 -0.0701842 -0.153067 0.0827527 0.0587321 0.994838 0.100961
0.993682 -0.102445 -0.0458418 0.0587019 0.0980283 0.991107 -0.0899809 -0.162842 0.0546522 0.0849186 0.994888 0.0984196
0.998331 -0.0407842 -0.0408825 0.0646509 0.0361057 0.993355 -0.109283 -0.171979 0.0450679 0.107625 0.99317 0.0999629
0.998889 0.0332521 -0.0334043 0.0683166 -0.036696 0.993427 -0.108422 -0.183751 0.0295795 0.109527 0.993544 0.0988654
0.995797 0.0903165 -0.0152216 0.0712102 -0.0915143 0.987901 -0.12521 -0.191075 0.00372893 0.126077 0.992013 0.0974849
0.986735 0.161968 -0.0110078 0.0710634 -0.162132 0.979755 -0.117442 -0.203247 -0.00823679 0.117669 0.993019 0.0934485
0.967123 0.254169 -0.00845241 0.0712347 -0.253526 0.961004 -0.11043 -0.214601 -0.0199452 0.108943 0.993848 0.0907425
0.944567 0.32801 -0.0142233 0.0697423 -0.327106 0.936478 -0.126537 -0.227063 -0.0281856 0.124175 0.99186 0.0900996
0.921257 0.388269 -0.0230955 0.068486 -0.387429 0.91077 -0.142818 -0.237766 -0.0344171 0.14052 0.989479 0.0878977
0.884516 0.466201 -0.0169519 0.066086 -0.463418 0.873899 -0.146777 -0.24974 -0.0536135 0.137683 0.989024 0.0850158
0.842862 0.537782 -0.0193385 0.0606544 -0.533455 0.830275 -0.16146 -0.263701 -0.0707738 0.146405 0.98669 0.0839184
0.809832 0.586197 -0.0233505 0.0569005 -0.579332 0.792808 -0.189287 -0.277597 -0.0924473 0.166819 0.981644 0.0805289
0.796814 0.602942 -0.0393524 0.0560478 -0.598149 0.777914 -0.19253 -0.284878 -0.0854715 0.176949 0.980502 0.0840235
0.840236 0.53945 -0.0547518 0.0580723 -0.539174 0.82055 -0.189707 -0.275234 -0.0574111 0.18892 0.980313 0.0919964
0.869698 0.487686 -0.0760773 0.0618319 -0.493202 0.852574 -0.172828 -0.267208 -0.0194245 0.18783 0.982009 0.0948585
0.895608 0.436034 -0.0880965 0.0641353 -0.444644 0.883411 -0.147909 -0.25771 0.0133321 0.17164 0.985069 0.100459
0.920008 0.376414 -0.109076 0.065499 -0.388528 0.912484 -0.128139 -0.246034 0.0512969 0.160268 0.98574 0.108007
0.936357 0.325544 -0.131362 0.0677442 -0.340236 0.93374 -0.111217 -0.236249 0.0864521 0.148833 0.985076 0.114146
0.950273 0.270413 -0.15446 0.0681307 -0.286146 0.95391 -0.0904252 -0.225677 0.122888 0.130127 0.983852 0.116246
0.964349 0.200503 -0.172714 0.0678756 -0.214929 0.97418 -0.0691317 -0.213913 0.154393 0.103788 0.982543 0.119953
0.970475 0.140652 -0.195948 0.0672523 -0.152938 0.987022 -0.048971 -0.202051 0.186517 0.077493 0.979391 0.125985
0.976322 0.0683211 -0.205251 0.0656383 -0.0767467 0.996492 -0.0333644 -0.190549 0.202251 0.0483267 0.978141 0.132123
0.969362 -0.00743692 -0.245523 0.063872 -0.000427802 0.999489 -0.0319637 -0.177614 0.245635 0.0310894 0.968864 0.139362
0.956196 -0.0857641 -0.279881 0.0591171 0.0781185 0.996205 -0.0383804 -0.164128 0.282111 0.0148353 0.959267 0.140688
0.938574 -0.163653 -0.303803 0.0533975 0.158084 0.986488 -0.0430153 -0.150806 0.306738 -0.00765347 0.951763 0.141817
0.916826 -0.237401 -0.321045 0.0479985 0.234347 0.970931 -0.048731 -0.140853 0.323281 -0.0305581 0.945809 0.144132
0.891933 -0.306433 -0.332497 0.0423061 0.305641 0.950493 -0.0560938 -0.133714 0.333225 -0.0515929 0.941435 0.146268
0.847345 -0.397983 -0.351592 0.033285 0.400267 0.913747 -0.0696589 -0.117654 0.348989 -0.0817055 0.933558 0.149371
0.803652 -0.486996 -0.34202 0.0233048 0.487001 0.868507 -0.0923336 -0.103773 0.342013 -0.09236 0.935145 0.145602
0.776102 -0.546337 -0.314932 0.0166563 0.543295 0.832834 -0.105913 -0.0944554 0.32015 -0.0889018 0.943186 0.14441
0.786881 -0.544418 -0.290563 0.00769548 0.547198 0.833236 -0.0793228 -0.0844818 0.285292 -0.096578 0.953562 0.135721
0.83024 -0.490737 -0.264346 0.0115318 0.496974 0.866456 -0.0476458 -0.0894493 0.252426 -0.0918158 0.96325 0.133001
0.870566 -0.43317 -0.233407 0.0178486 0.43958 0.897808 -0.0266503 -0.0967412 0.221098 -0.0794001 0.972014 0.130674
0.907645 -0.369541 -0.199047 0.0238399 0.374627 0.927086 -0.0128986 -0.103859 0.1893 -0.0628611 0.979905 0.122861
0.931096 -0.324843 -0.165946 0.0278271 0.327449 0.94479 -0.012185 -0.10995 0.160742 -0.0429935 0.98606 0.118459
0.953534 -0.271112 -0.13142 0.0336873 0.271595 0.962301 -0.0145825 -0.119851 0.130419 -0.021788 0.99122 0.115966
0.971047 -0.218713 -0.0960863 0.0401948 0.217458 0.975787 -0.0234807 -0.129657 0.0988954 0.00190613 0.995096 0.113731
0.984516 -0.157529 -0.0769008 0.044791 0.155779 0.987387 -0.0282903 -0.13999 0.0803874 0.0158727 0.996637 0.111934
0.996494 -0.06857 -0.047939 0.0532481 0.0670246 0.997201 -0.0331349 -0.156617 0.0500769 0.0298056 0.998301 0.10469
0.999587 0.00102413 -0.028702 0.0577343 -0.00203023 0.999384 -0.0350462 -0.169342 0.0286484 0.03509 0.998973 0.102533
0.996519 0.0833178 -0.00271219 0.0616361 -0.0833536 0.995432 -0.0465476 -0.186481 -0.00117844 0.0466116 0.998912 0.100982
0.988977 0.148014 -0.00406152 0.0647844 -0.147971 0.986943 -0.0636192 -0.20359 -0.00540804 0.0635189 0.997966 0.0992943
0.975511 0.219379 -0.0158403 0.06887 -0.219891 0.971052 -0.0933041 -0.221951 -0.00508723 0.0945023 0.995512 0.102175
0.959931 0.27742 -0.0396251 0.0691093 -0.280034 0.954963 -0.0981153 -0.23357 0.0106214 0.10528 0.994386 0.106814
0.943204 0.323669 -0.0748599 0.0670413 -0.329615 0.939886 -0.0892633 -0.245019 0.041468 0.108868 0.993191 0.111485
0.921714 0.37288 -0.106791 0.0643583 -0.382457 0.919563 -0.090172 -0.25739 0.0645776 0.123956 0.990184 0.117705
0.902148 0.407761 -0.140928 0.0598517 -0.422653 0.900863 -0.0990441 -0.264933 0.0865701 0.148916 0.985053 0.1246
0.905414 0.380712 -0.187839 0.0555579 -0.400381 0.912878 -0.0796801 -0.260222 0.141138 0.147351 0.978963 0.133402
0.922754 0.322431 -0.211098 0.0548173 -0.344378 0.935742 -0.0760969 -0.24892 0.172998 0.142916 0.974498 0.136831
0.940838 0.251582 -0.227003 0.0532899 -0.271914 0.960275 -0.0627243 -0.237716 0.202205 0.120739 0.971872 0.144004
0.948684 0.198153 -0.246443 0.0527714 -0.212935 0.976454 -0.0345763 -0.227545 0.233789 0.0852784 0.96854 0.149645
0.952512 0.141765 -0.269487 0.0507007 -0.154051 0.98775 -0.0248853 -0.216242 0.262658 0.0652182 0.962682 0.14929
0.957438 0.0660382 -0.280983 0.0492689 -0.073918 0.99711 -0.0175258 -0.203613 0.279014 0.0375496 0.959553 0.154561
0.947621 0.0156731 -0.319013 0.0476706 -0.0144179 0.999876 0.00629589 -0.193715 0.319072 -0.00136661 0.947729 0.160228
0.932806 -0.0121437 -0.360174 0.0454785 0.0246081 0.999246 0.0300412 -0.186596 0.359537 -0.0368858 0.932401 0.162086
0.917762 -0.0414246 -0.394964 0.0417926 0.0657959 0.996661 0.0483555 -0.179799 0.391642 -0.0703659 0.917423 0.164
0.895266 -0.0792963 -0.438418 0.0385702 0.12156 0.990173 0.0691382 -0.173333 0.428627 -0.115191 0.896108 0.170977
0.865901 -0.112831 -0.487324 0.0329985 0.167927 0.983259 0.0707267 -0.166763 0.471185 -0.143077 0.870352 0.179961
0.832481 -0.138221 -0.536535 0.0263587 0.209539 0.975 0.0739413 -0.159114 0.512902 -0.17398 0.840632 0.183501
0.810449 -0.166469 -0.561659 0.0214519 0.258475 0.962016 0.0878388 -0.153843 0.525702 -0.216364 0.822693 0.186611
0.783976 -0.195488 -0.589208 0.0164966 0.303085 0.948849 0.0884627 -0.149842 0.541776 -0.247933 0.803124 0.189583
0.761853 -0.252259 -0.596611 0.0113429 0.366469 0.927331 0.075875 -0.142701 0.534116 -0.276445 0.798936 0.189996
0.743561 -0.32253 -0.58574 0.00441471 0.42792 0.902636 0.0461926 -0.135425 0.513811 -0.284997 0.809182 0.187364
0.724853 -0.392082 -0.566445 -0.000694885 0.487542 0.872878 0.0196949 -0.12851 0.486715 -0.290442 0.823864 0.187829
0.701162 -0.44887 -0.553974 -0.00504148 0.546558 0.837315 0.0133218 -0.121779 0.457871 -0.312119 0.832428 0.186701
0.688355 -0.499134 -0.526339 -0.00982043 0.600108 0.799474 0.0266811 -0.114432 0.407477 -0.334226 0.849856 0.177825
0.686504 -0.534627 -0.492836 -0.0115819 0.625347 0.779946 0.0250036 -0.109546 0.371018 -0.325358 0.869763 0.176681
0.663686 -0.580345 -0.471932 -0.0148489 0.653819 0.756573 -0.0108972 -0.104932 0.363375 -0.301326 0.881567 0.177553
0.622978 -0.61874 -0.478601 -0.0212211 0.680069 0.730732 -0.0594769 -0.0983385 0.38653 -0.288429 0.876016 0.177663
0.584988 -0.648891 -0.486549 -0.0260868 0.698101 0.70823 -0.105197 -0.0963681 0.412849 -0.278121 0.867297 0.183104
0.55503 -0.685312 -0.471475 -0.0309176 0.708907 0.686226 -0.162924 -0.0943171 0.435192 -0.243804 0.866699 0.189099
0.522471 -0.731913 -0.437411 -0.0370599 0.718291 0.654227 -0.236737 -0.0934235 0.459437 -0.1905 0.867541 0.193701
0.493794 -0.784162 -0.375843 -0.0421724 0.721247 0.610777 -0.326733 -0.0925634 0.485768 -0.109737 0.867172 0.198381
0.469414 -0.829173 -0.303517 -0.0474063 0.721012 0.558376 -0.410313 -0.093142 0.509697 -0.0262324 0.859954 0.203893
0.449981 -0.859887 -0.241063 -0.0519613 0.71623 0.508728 -0.477713 -0.0934105 0.533415 0.0423052 0.844795 0.211631
0.438752 -0.877828 -0.19213 -0.0543593 0.705358 0.468901 -0.531604 -0.0948918 0.556747 0.0977225 0.824914 0.217682
0.434512 -0.88789 -0.151167 -0.0561539 0.677983 0.432931 -0.594062 -0.0981553 0.592906 0.155638 0.790088 0.22184
0.44269 -0.892612 -0.0852636 -0.0566431 0.650582 0.385175 -0.65451 -0.100598 0.617065 0.234274 0.75123 0.225576
0.456834 -0.889482 -0.0112033 -0.0571635 0.631664 0.333236 -0.699968 -0.105609 0.626342 0.312692 0.714087 0.229586
0.482856 -0.875152 0.0309655 -0.0521067 0.615289 0.313893 -0.723112 -0.112856 0.623113 0.368212 0.690036 0.231096
0.54384 -0.838871 0.0230902 -0.0456113 0.579814 0.355717 -0.732995 -0.120936 0.606675 0.41202 0.679842 0.231146
0.608977 -0.793188 0.000712623 -0.0388359 0.537808 0.412246 -0.735402 -0.125093 0.583018 0.448226 0.677631 0.227165
0.677307 -0.7357 0.000667507 -0.0300079 0.494303 0.454397 -0.741072 -0.13086 0.544904 0.502263 0.671425 0.223304
0.739398 -0.673249 0.00504555 -0.0213079 0.433609 0.470453 -0.768542 -0.138447 0.515047 0.570447 0.639779 0.218447
0.791862 -0.610699 0.000944723 -0.00943565 0.367777 0.475641 -0.799066 -0.148616 0.48754 0.633097 0.601243 0.212756
0.837753 -0.54602 -0.00568641 0.0006015 0.305322 0.477034 -0.824146 -0.159302 0.452713 0.688695 0.566349 0.207274
0.887908 -0.459271 -0.0262599 0.0112951 0.234774 0.5015 -0.832693 -0.169209 0.395601 0.73319 0.553111 0.198963
0.924976 -0.373736 -0.0688537 0.0205092 0.168793 0.56637 -0.806681 -0.178418 0.340482 0.734539 0.586962 0.18899
0.939308 -0.32775 -0.101394 0.0265159 0.132614 0.619435 -0.773766 -0.18499 0.316409 0.713358 0.625304 0.183405
0.952819 -0.269176 -0.14029 0.0346123 0.0857773 0.682113 -0.726198 -0.192011 0.291168 0.679901 0.673019 0.178489
0.963472 -0.207798 -0.168942 0.0406116 0.0381007 0.730772 -0.681558 -0.197869 0.265085 0.650225 0.711995 0.17312
0.970723 -0.151916 -0.186062 0.0453064 -0.00212376 0.769144 -0.639072 -0.203985 0.240194 0.620757 0.746303 0.167926
0.975704 -0.101575 -0.194125 0.0509029 -0.0353957 0.801317 -0.597191 -0.208944 0.216216 0.589553 0.778253 0.164236
0.976497 -0.0562447 -0.208063 0.0531486 -0.0717349 0.8255 -0.559824 -0.215191 0.203243 0.561592 0.802064 0.159802
0.972117 0.013454 -0.234109 0.0603715 -0.132009 0.856527 -0.498934 -0.226951 0.193808 0.515927 0.834421 0.151781
0.96547 0.0664097 -0.251909 0.0651616 -0.177989 0.87424 -0.45169 -0.235799 0.190232 0.48093 0.855873 0.148988
0.949191 0.134885 -0.28433 0.0672317 -0.237714 0.89937 -0.366914 -0.243857 0.206226 0.41586 0.885738 0.151546
0.938134 0.171133 -0.301028 0.0688924 -0.267816 0.909653 -0.317498 -0.249155 0.219496 0.378476 0.899209 0.151618
0.926134 0.207303 -0.315121 0.0703749 -0.294653 0.919188 -0.26129 -0.252738 0.235489 0.334841 0.912374 0.152333
0.91445 0.235073 -0.329427 0.0714088 -0.312501 0.927376 -0.20571 -0.255586 0.257146 0.291058 0.9215 0.153833
0.900908 0.263491 -0.344873 0.0692926 -0.329062 0.932809 -0.146918 -0.259518 0.28299 0.245844 0.92708 0.156196
0.878409 0.306718 -0.366498 0.0694462 -0.34514 0.937585 -0.0425651 -0.265905 0.330568 0.163883 0.929445 0.158973
0.863403 0.328449 -0.382957 0.0686475 -0.339658 0.939691 0.0401579 -0.268989 0.373051 0.0954019 0.922893 0.162997
0.852622 0.344928 -0.392506 0.0677088 -0.32696 0.938117 0.114163 -0.272704 0.407594 0.0309958 0.912637 0.169314
0.838088 0.361509 -0.408559 0.0673032 -0.317972 0.932252 0.172628 -0.273451 0.443286 -0.0147677 0.896259 0.176007
0.835686 0.349759 -0.423436 0.06642 -0.283423 0.935044 0.212989 -0.272095 0.470426 -0.0579802 0.880533 0.181035
0.827718 0.328928 -0.454632 0.0652918 -0.243863 0.940532 0.236495 -0.266992 0.505386 -0.0848832 0.858708 0.182845
0.833241 0.259797 -0.488073 0.0629266 -0.167258 0.959812 0.225356 -0.25602 0.527005 -0.106142 0.843208 0.187233
0.838196 0.199114 -0.507722 0.0617587 -0.118496 0.97522 0.186828 -0.247711 0.532341 -0.0964352 0.84102 0.191675
0.843461 0.122178 -0.523112 0.0595353 -0.0582743 0.988856 0.136997 -0.236566 0.53402 -0.0850677 0.841181 0.193946
0.857156 0.0472707 -0.512883 0.0561082 0.000662714 0.995677 0.0928758 -0.224263 0.515056 -0.079949 0.85342 0.19397
0.867479 -0.041098 -0.495773 0.051186 0.0664442 0.997224 0.0335941 -0.210643 0.493017 -0.0620834 0.867802 0.191422
0.871192 -0.142045 -0.469944 0.0456318 0.14859 0.988623 -0.0233617 -0.196186 0.467916 -0.0494763 0.882387 0.189556
0.86469 -0.243827 -0.439158 0.0408636 0.234778 0.96909 -0.0757815 -0.181434 0.444061 -0.0375772 0.895208 0.190159
0.847705 -0.320589 -0.422634 0.0346337 0.29992 0.946808 -0.116633 -0.168626 0.437544 -0.0278861 0.898764 0.188943
0.828845 -0.387922 -0.403153 0.0275062 0.351196 0.921679 -0.164832 -0.154229 0.435519 -0.0049654 0.900166 0.191173
0.807946 -0.465245 -0.361621 0.0201358 0.401039 0.883785 -0.241023 -0.141639 0.43173 0.0497099 0.900632 0.191105
0.795602 -0.508573 -0.329197 0.0160643 0.429625 0.856759 -0.285282 -0.135342 0.427129 0.0855399 0.900135 0.191316
0.779793 -0.553035 -0.293387 0.00998527 0.463222 0.824955 -0.323844 -0.129688 0.421128 0.116628 0.899472 0.191333
0.755097 -0.612412 -0.234049 0.00150428 0.512121 0.77386 -0.372657 -0.117625 0.409341 0.161531 0.897969 0.193334
0.735135 -0.64946 -0.194369 -0.00511276 0.545427 0.736898 -0.399363 -0.108025 0.4026 0.187571 0.895952 0.194512
0.71889 -0.678918 -0.149223 -0.0127064 0.57029 0.69878 -0.431829 -0.100154 0.397451 0.225337 0.889526 0.193953
0.697352 -0.711295 -0.0880851 -0.0183746 0.593298 0.641835 -0.485845 -0.0930455 0.402115 0.286545 0.869595 0.194133
0.675102 -0.737395 -0.0220202 -0.0238339 0.617568 0.581221 -0.529898 -0.0878022 0.403543 0.344136 0.847775 0.195297
0.665121 -0.746052 0.031962 -0.0291996 0.62275 0.530558 -0.575057 -0.0839311 0.412065 0.402387 0.817489 0.196967
0.670837 -0.73541 0.0956542 -0.0327485 0.614436 0.478936 -0.626968 -0.0821089 0.415267 0.479367 0.77315 0.198982
0.679549 -0.71832 0.149096 -0.0324075 0.607249 0.436709 -0.663727 -0.0826548 0.411657 0.541574 0.732964 0.20022
0.693058 -0.693541 0.196652 -0.0307657 0.597779 0.400444 -0.694482 -0.0836386 0.402903 0.59887 0.692115 0.200204
0.743191 -0.641181 0.19119 -0.0262014 0.556959 0.434511 -0.707811 -0.0929786 0.370761 0.632524 0.680036 0.19712
0.774206 -0.611322 0.163984 -0.0210009 0.528121 0.481143 -0.699707 -0.0984152 0.348847 0.628321 0.695355 0.192281
0.810238 -0.57212 0.127252 -0.0147624 0.494041 0.549867 -0.673476 -0.102233 0.315337 0.608543 0.728174 0.186413
0.834192 -0.542152 0.100972 -0.0104057 0.468725 0.600569 -0.647776 -0.106303 0.290552 0.587698 0.75511 0.182242
0.854994 -0.51325 0.0745628 -0.00691884 0.445725 0.653656 -0.611607 -0.109801 0.265169 0.556155 0.78764 0.178265
0.870527 -0.489568 0.0500665 -0.00358454 0.42807 0.703107 -0.5678 -0.113714 0.242775 0.515717 0.821642 0.174314
0.91028 -0.413949 -0.00605523 0.00465029 0.358618 0.795746 -0.488038 -0.121796 0.206841 0.44208 0.872801 0.166088
0.937063 -0.3472 -0.0369491 0.0149933 0.297952 0.850314 -0.43381 -0.131029 0.182037 0.395498 0.900246 0.159896
0.956985 -0.281377 -0.0707633 0.0242893 0.23198 0.888534 -0.395845 -0.141152 0.174257 0.362402 0.915587 0.155977
0.969675 -0.222897 -0.100238 0.0327058 0.170457 0.910722 -0.376204 -0.153046 0.175144 0.34771 0.921099 0.153758
0.979066 -0.15667 -0.129943 0.0401138 0.10861 0.942031 -0.317461 -0.165601 0.172147 0.296702 0.939326 0.151663
0.983324 -0.074674 -0.165826 0.0475389 0.0329018 0.969813 -0.241619 -0.178316 0.178863 0.232133 0.956097 0.149574
0.984553 -0.0279822 -0.172837 0.0521715 -0.00678731 0.980305 -0.197374 -0.186045 0.174956 0.195498 0.964972 0.149609
0.976742 0.0552871 -0.207167 0.0559851 -0.0821601 0.988945 -0.123443 -0.198466 0.198052 0.137593 0.970486 0.151268
0.964283 0.130171 -0.230683 0.0600428 -0.149982 0.986175 -0.0704605 -0.209895 0.218322 0.102542 0.970474 0.149172
0.950242 0.186146 -0.24978 0.0621755 -0.202817 0.978293 -0.042517 -0.220272 0.236444 0.091061 0.967369 0.148495
0.93564 0.230389 -0.267392 0.0624834 -0.242916 0.969942 -0.0142782 -0.229933 0.256065 0.078313 0.963482 0.152475
0.917225 0.276532 -0.286754 0.0633835 -0.283808 0.958735 0.0167534 -0.245339 0.279554 0.0660165 0.957858 0.160973
0.891368 0.280805 -0.355826 0.062574 -0.288199 0.956993 0.0332664 -0.250353 0.349864 0.0728959 0.93396 0.169091
0.879944 0.259949 -0.39765 0.0582219 -0.254937 0.96467 0.0664781 -0.252585 0.400882 0.0428785 0.915126 0.178927
0.857552 0.270471 -0.43755 0.0546414 -0.247246 0.962634 0.110475 -0.253203 0.451081 0.0134443 0.892382 0.190777
0.855237 0.221817 -0.468367 0.048039 -0.203495 0.974918 0.0901347 -0.245246 0.476612 0.0182239 0.878925 0.192234
